-1.622495800256729126e-01
7.339946925640106201e-02
1.298273261636495590e-02
1.785481162369251251e-02
-3.002573549747467041e-01
-1.746958792209625244e-01
3.665641322731971741e-02
2.421323582530021667e-02
8.984692096710205078e-01
-2.209392562508583069e-02
-3.842107951641082764e-01
2.900249883532524109e-02
-7.429616898298263550e-02
-1.625260561704635620e-01
7.261354476213455200e-02
3.263160288333892822e-01
-1.861144602298736572e-01
2.325688600540161133e-01
-2.756957709789276123e-01
2.348771691322326660e-01
2.309725284576416016e-01
7.092863321304321289e-03
-1.154253352433443069e-02
-7.599149346351623535e-01
-2.318053506314754486e-02
-1.249935775995254517e-01
1.758839637041091919e-01
-9.444646537303924561e-02
-2.394198030233383179e-01
-5.806718766689300537e-02
-1.201064661145210266e-01
-2.430649995803833008e-01
-3.999981097877025604e-03
3.820822760462760925e-02
-1.444180011749267578e-01
-3.657993674278259277e-02
1.823375001549720764e-02
-1.941259354352951050e-01
3.475029021501541138e-02
-4.167333617806434631e-02
-2.147738784551620483e-01
4.853533953428268433e-02
-1.268579065799713135e-01
9.171355962753295898e-01
1.003661081194877625e-01
-5.285981670022010803e-02
-2.132199555635452271e-01
3.528243303298950195e-01
-5.657714977860450745e-02
7.807570695877075195e-02
2.127187140285968781e-02
2.754558920860290527e-01
-2.035527527332305908e-01
4.088250175118446350e-02
7.571358978748321533e-02
-7.161304354667663574e-02
-2.291487753391265869e-01
-2.012844942510128021e-02
-8.914128877222537994e-03
8.212355375289916992e-01
-8.525890111923217773e-02
-1.145207658410072327e-01
1.365509778261184692e-01
-1.969902813434600830e-01
-4.289277493953704834e-01
-1.275073923170566559e-02
-1.976849436759948730e-01
-2.316830456256866455e-01
3.743607401847839355e-01
1.367015391588211060e-01
1.354645285755395889e-02
2.314915060997009277e-01
-1.646365374326705933e-01
-5.837278962135314941e-01
-2.113219536840915680e-02
-1.409583091735839844e-01
2.196063250303268433e-01
-1.920121163129806519e-02
9.184414893388748169e-02
-1.330409795045852661e-01
6.622775793075561523e-01
5.013241246342658997e-02
2.348350360989570618e-02
-7.475112676620483398e-01
8.197207450866699219e-01
1.104500368237495422e-01
-1.161739528179168701e-01
2.179301902651786804e-02
3.356559202075004578e-02
-1.156334877014160156e-01
2.574710547924041748e-02
-1.127700805664062500e+00
-6.699901819229125977e-01
-7.449975609779357910e-02
-2.844662368297576904e-01
1.155873537063598633e-01
2.251753024756908417e-02
-1.947819069027900696e-02
5.104262754321098328e-02
-1.285342931747436523e+00
-7.787902653217315674e-02
1.029922533780336380e-02
2.626314163208007812e-01
3.533135056495666504e-01
1.922296583652496338e-01
-1.469164937734603882e-01
8.247043006122112274e-03
-3.993482887744903564e-02
4.117466509342193604e-03
1.739737689495086670e-01
6.577070057392120361e-02
-6.664332933723926544e-03
-6.426712274551391602e-01
5.465080030262470245e-03
-7.082059979438781738e-03
-8.619370311498641968e-02
3.045577090233564377e-03
-5.546102672815322876e-02
2.202692441642284393e-02
-9.423926472663879395e-02
-1.685975641012191772e-01
3.857713043689727783e-01
9.925275295972824097e-02
3.361819982528686523e-01
-1.767113432288169861e-02
3.824317455291748047e-01
-7.263025641441345215e-02
2.146118879318237305e-02
-1.098313331604003906e+00
-1.763391494750976562e-01
1.488508135080337524e-01
-5.597632378339767456e-02
-2.195165455341339111e-01
-2.060615718364715576e-01
-8.926559239625930786e-02
-1.807402819395065308e-01
-5.392995476722717285e-02
2.876795828342437744e-01
-8.582664728164672852e-01
-4.358935728669166565e-02
1.115844696760177612e-01
9.451681375503540039e-02
3.227805718779563904e-02
1.990946978330612183e-01
4.317240417003631592e-01
-9.237436950206756592e-02
-1.438539773225784302e-01
5.815523266792297363e-01
4.278795793652534485e-02
-6.705214828252792358e-02
1.268695354461669922e+00
-5.130996555089950562e-02
-2.428885847330093384e-01
8.749876916408538818e-02
1.878344416618347168e-01
1.191767165437340736e-03
-4.092346876859664917e-02
4.010954871773719788e-02
3.530951961874961853e-02
6.049184873700141907e-02
4.690633341670036316e-02
-4.187494888901710510e-02
1.445368528366088867e+00
-9.713385254144668579e-03
-4.378262534737586975e-02
5.588823929429054260e-02
4.284598678350448608e-02
8.253610879182815552e-02
7.837573438882827759e-02
-2.748186588287353516e-01
-8.250173926353454590e-02
-8.792888373136520386e-02
-2.363084554672241211e-01
1.245379447937011719e-01
6.196301802992820740e-02
-2.947744727134704590e-02
1.035834625363349915e-01
-4.610638134181499481e-03
-2.716046869754791260e-01
-1.634724974632263184e+00
-2.002451419830322266e-01
-3.979357704520225525e-02
-4.303258284926414490e-02
1.438292860984802246e-01
-8.875071406364440918e-01
9.939117357134819031e-03
1.194283962249755859e-01
-3.005350232124328613e-01
-9.451179206371307373e-02
1.462081670761108398e-01
-4.534337818622589111e-01
8.049891144037246704e-02
2.724422812461853027e-01
1.791371256113052368e-01
1.322537213563919067e-01
1.167331337928771973e-01
8.527640998363494873e-02
2.270841412246227264e-02
6.423086393624544144e-03
-1.946331262588500977e-01
5.363368988037109375e-01
-3.715591728687286377e-01
-2.656395137310028076e-01
1.180119439959526062e-01
1.680441386997699738e-02
4.372200369834899902e-01
-3.413894400000572205e-02
-6.034041941165924072e-02
-6.457521915435791016e-01
5.373334977775812149e-03
-7.971107214689254761e-02
-1.445634812116622925e-01
-1.456655859947204590e-01
-1.468508876860141754e-02
5.976980328559875488e-01
1.682948470115661621e-01
-2.553224563598632812e-01
-2.641234733164310455e-02
-5.725396797060966492e-02
-1.996938139200210571e-01
-1.154170632362365723e-01
-1.334612965583801270e-01
-1.152436733245849609e+00
1.508053839206695557e-01
4.337341338396072388e-02
1.348569989204406738e-01
5.154509469866752625e-02
-1.354475736618041992e+00
3.701208624988794327e-03
-8.530344069004058838e-02
4.178029671311378479e-02
3.280027955770492554e-02
1.589941382408142090e-01
-6.384811997413635254e-01
-9.183746576309204102e-01
-6.834359467029571533e-02
6.934788078069686890e-02
-3.133548423647880554e-02
2.476951330900192261e-01
-3.239832120016217232e-03
-1.376329511404037476e-01
-2.888035774230957031e-01
3.293531835079193115e-01
1.857614070177078247e-01
-1.335783302783966064e-01
1.038964651525020599e-02
-2.821187973022460938e-01
-1.407503634691238403e-01
-5.291868001222610474e-02
3.021442294120788574e-01
-3.909160569310188293e-02
-4.375694692134857178e-02
-1.764735020697116852e-02
-2.085703983902931213e-02
2.340674772858619690e-02
-6.908444687724113464e-03
-1.479573398828506470e-01
-1.620983779430389404e-01
9.789393097162246704e-02
-5.487817898392677307e-02
-1.548646986484527588e-01
-3.434232622385025024e-02
2.336675859987735748e-02
1.547305136919021606e-01
-6.247447803616523743e-03
2.042577713727951050e-01
1.905332691967487335e-02
4.095589220523834229e-01
-2.911066403612494469e-03
-1.680633402429521084e-03
-3.463925719261169434e-01
4.400451201945543289e-03
-4.508903324604034424e-01
1.093556508421897888e-01
6.355354785919189453e-01
-3.316297754645347595e-02
-8.214133977890014648e-02
-2.977655641734600067e-02
2.170698903501033783e-02
-1.064623426645994186e-02
-7.551641762256622314e-02
-3.752824068069458008e-01
-1.018650978803634644e-01
-1.444280706346035004e-02
3.505666553974151611e-01
-2.705290019512176514e-01
8.839628100395202637e-02
4.273676276206970215e-01
7.233827561140060425e-02
2.867202460765838623e-02
-3.210131824016571045e-02
1.255714058876037598e+00
2.012443095445632935e-01
-1.435104012489318848e-02
1.830523312091827393e-01
-1.492862403392791748e-02
2.857908606529235840e-03
-1.605811412446200848e-03
-1.100055873394012451e-01
-5.434949882328510284e-03
-6.125047802925109863e-02
2.452368661761283875e-02
1.875340938568115234e-01
1.726733893156051636e-02
3.976972103118896484e-01
-1.171403974294662476e-01
-9.482996910810470581e-02
1.527864336967468262e-01
-1.127374097704887390e-01
-8.116438984870910645e-02
-2.554939389228820801e-01
2.890505641698837280e-02
5.849786475300788879e-02
-8.168283849954605103e-02
-1.898899301886558533e-02
-2.201722115278244019e-01
-1.107191964983940125e-01
-1.390121281147003174e-01
-1.085115596652030945e-02
-1.790234893560409546e-01
