-3.136764839291572571e-02
1.829095929861068726e-02
-3.199293911457061768e-01
5.383268371224403381e-02
-5.610621720552444458e-02
2.017490863800048828e-01
-3.876515105366706848e-02
-1.101470924913883209e-02
1.248229369521141052e-01
1.772758513689041138e-01
1.022954881191253662e-01
-1.251456141471862793e-01
8.576904535293579102e-01
-3.909685090184211731e-02
-1.807463467121124268e-01
1.158345222473144531e+00
-2.488155215978622437e-01
-5.125090479850769043e-01
-9.185389429330825806e-02
1.964083164930343628e-01
-1.052194908261299133e-01
9.707037359476089478e-03
-1.266657188534736633e-02
-1.756215691566467285e-01
-1.264272630214691162e-01
-2.766047604382038116e-02
2.510007098317146301e-02
8.032854646444320679e-02
-6.547220051288604736e-03
1.041207239031791687e-01
-2.412487417459487915e-01
-3.332786858081817627e-01
2.526424825191497803e-01
2.654534280300140381e-01
-2.214235961437225342e-01
2.779289186000823975e-01
-3.519766032695770264e-01
4.357701838016510010e-01
-4.988990351557731628e-02
-6.031626462936401367e-01
4.226886034011840820e-01
-2.528212592005729675e-02
1.018142342567443848e+00
5.143937468528747559e-02
7.373976111412048340e-01
4.733754694461822510e-01
-1.740047633647918701e-01
2.546441555023193359e-02
-3.395757079124450684e-02
-1.208279967308044434e+00
5.132311955094337463e-02
-3.576719164848327637e-01
-1.144121587276458740e-02
-1.406922042369842529e-01
-5.794315412640571594e-02
-3.824172914028167725e-01
7.141386158764362335e-03
4.948800802230834961e-01
-4.648324549198150635e-01
3.132814466953277588e-01
2.619519233703613281e-01
1.108907088637351990e-01
3.313561081886291504e-01
6.017776206135749817e-02
-2.658762633800506592e-01
-2.553740739822387695e-01
-5.541250109672546387e-02
2.146629989147186279e-01
4.529972374439239502e-02
9.241551160812377930e-01
-3.969665616750717163e-02
-4.853728227317333221e-03
-3.497276455163955688e-02
1.536043405532836914e+00
-2.008581310510635376e-01
-1.087406501173973083e-01
6.081820651888847351e-02
6.053803563117980957e-01
-1.560717970132827759e-01
-4.830220043659210205e-01
2.664100825786590576e-01
-5.163948535919189453e-01
8.279396593570709229e-02
5.973403807729482651e-03
-5.709790438413619995e-02
-1.652119308710098267e-01
-4.948125779628753662e-02
1.513988375663757324e-01
-4.387028981000185013e-03
4.386677220463752747e-02
-2.849041223526000977e-01
-3.626307845115661621e-01
-3.448942601680755615e-01
-7.641524076461791992e-01
-3.982609510421752930e-01
7.007914036512374878e-02
-2.042920142412185669e-02
-4.267508909106254578e-02
2.702851314097642899e-03
4.109044969081878662e-01
7.782435044646263123e-03
7.076746970415115356e-02
-2.116192132234573364e-02
3.993912413716316223e-02
-8.453868329524993896e-03
5.361833050847053528e-02
-2.457260712981224060e-02
-4.250786900520324707e-01
-7.082248330116271973e-01
4.658286646008491516e-02
-4.032234847545623779e-01
-4.106665849685668945e-01
2.328927367925643921e-01
-1.489130686968564987e-02
5.873044729232788086e-01
5.485079288482666016e-01
1.062930598855018616e-01
1.613752841949462891e-01
3.342129588127136230e-01
1.383799314498901367e-01
-5.702055990695953369e-02
3.218746781349182129e-01
-5.999438166618347168e-01
1.101180016994476318e-01
-1.249836478382349014e-02
-7.071454077959060669e-02
1.159063354134559631e-01
-3.503260314464569092e-01
1.154191140085458755e-02
-3.080212743952870369e-03
-6.311877071857452393e-02
-3.450725674629211426e-01
9.416612982749938965e-01
-9.827644377946853638e-02
-4.390502721071243286e-02
1.353089660406112671e-01
-2.972628921270370483e-02
1.053462624549865723e-01
-3.487783074378967285e-01
-9.001819044351577759e-02
-5.747974663972854614e-02
9.080536663532257080e-02
1.901640594005584717e-01
4.835214838385581970e-02
-6.955422759056091309e-01
-4.711384326219558716e-02
6.437659263610839844e-02
3.709745407104492188e-02
3.746395185589790344e-02
-8.437824435532093048e-03
-5.718668922781944275e-02
-9.033308178186416626e-02
-3.169565796852111816e-01
-7.977525591850280762e-01
9.826583862304687500e-01
1.133833676576614380e-01
-4.587082937359809875e-02
2.300021611154079437e-02
-8.788058161735534668e-01
2.164260149002075195e-01
-1.329625677317380905e-02
-3.419422805309295654e-01
1.456919312477111816e-02
1.103241741657257080e-01
-8.412235975265502930e-02
-6.257604062557220459e-02
-3.711677715182304382e-02
-1.035344898700714111e-01
2.166041638702154160e-03
-9.280254691839218140e-02
4.029450565576553345e-02
1.106830164790153503e-01
1.081555858254432678e-01
3.964616358280181885e-01
-6.165013834834098816e-02
2.528199553489685059e-01
5.043690800666809082e-01
-3.559860587120056152e-02
-3.543320894241333008e-01
-1.005613431334495544e-01
-2.699096221476793289e-03
1.092057704925537109e+00
-7.071569561958312988e-02
-4.574613273143768311e-01
-6.274388730525970459e-02
-7.344597578048706055e-02
-2.167649418115615845e-01
-2.564356327056884766e-01
-4.250122234225273132e-02
-1.028907656669616699e+00
-1.872905194759368896e-01
-2.703003212809562683e-02
-1.380423158407211304e-01
1.415962260216474533e-02
4.745033010840415955e-02
8.454412817955017090e-01
-5.622272938489913940e-02
-3.321473598480224609e-01
4.480622243136167526e-03
-1.154832243919372559e-01
-2.959051169455051422e-02
7.811316847801208496e-02
8.256355673074722290e-02
3.216060996055603027e-01
1.283494085073471069e-01
-7.899351418018341064e-02
1.303090006113052368e-01
5.470671653747558594e-01
-7.678090035915374756e-02
-1.977473944425582886e-01
9.350355863571166992e-01
-5.010297298431396484e-01
2.984674274921417236e-02
-3.912982940673828125e-01
-1.458610415458679199e+00
-2.575464174151420593e-02
3.296356648206710815e-02
4.865904152393341064e-02
-7.964765429496765137e-01
-1.957303881645202637e-01
2.414021873846650124e-03
-1.464791446924209595e-01
6.339174509048461914e-02
-1.115574836730957031e-01
-2.358614094555377960e-02
-4.308623820543289185e-02
-4.834449291229248047e-01
2.290529012680053711e-02
-4.450107738375663757e-02
1.164096966385841370e-01
-2.249080687761306763e-01
7.815666496753692627e-03
1.887615561485290527e+00
2.833237126469612122e-02
-5.334677100181579590e-01
1.353851705789566040e-01
7.169086020439863205e-03
-1.081771869212388992e-02
3.370768576860427856e-02
-1.761364750564098358e-02
5.463210120797157288e-02
8.579181134700775146e-02
-1.602532744407653809e+00
8.105111867189407349e-02
1.458857655525207520e-01
8.015257120132446289e-02
-1.489174604415893555e+00
-8.381824940443038940e-02
2.143681049346923828e-01
-3.873357921838760376e-02
-9.545336961746215820e-01
1.600674629211425781e+00
-7.410929352045059204e-02
4.173434525728225708e-02
6.737547516822814941e-01
-2.041549235582351685e-01
1.172741055488586426e-01
1.595787256956100464e-01
7.495851814746856689e-02
-2.441440373659133911e-01
-4.353068172931671143e-01
-3.086995482444763184e-01
2.501955814659595490e-02
-4.157729744911193848e-01
4.335306957364082336e-02
-9.048835188150405884e-02
1.207676529884338379e-01
-6.216785311698913574e-01
6.783436983823776245e-02
5.147252082824707031e-01
6.544025987386703491e-02
-1.299931108951568604e-02
-1.240623369812965393e-01
2.254169993102550507e-02
4.153079167008399963e-02
6.082872673869132996e-02
1.028605736792087555e-02
9.221716783940792084e-03
-2.870704047381877899e-03
7.046616170555353165e-03
2.430626451969146729e-01
-1.097680535167455673e-02
9.412472248077392578e-01
6.465107947587966919e-02
-2.628952562808990479e-01
2.113530971109867096e-02
1.386262655258178711e+00
-2.118746042251586914e-01
1.809119582176208496e-01
-5.720730125904083252e-02
8.890107274055480957e-02
-3.268187865614891052e-02
5.394397377967834473e-01
-3.794508427381515503e-02
-9.960911422967910767e-02
-2.076202780008316040e-01
1.201276555657386780e-01
2.449548840522766113e-01
-8.943489193916320801e-01
-2.133065834641456604e-02
1.443181335926055908e-01
2.981678843498229980e-01
-1.127520948648452759e-01
9.820549935102462769e-02
1.076248735189437866e-01
-3.734353929758071899e-02
-1.435623969882726669e-02
1.019843220710754395e-01
-1.175144165754318237e-01
-1.539065688848495483e-01
2.031799554824829102e-01
-2.301617152988910675e-02
-1.059723719954490662e-01
-1.054733917117118835e-01
-1.357124932110309601e-02
-8.257704377174377441e-01
2.954823076725006104e-01
4.826345294713973999e-02
-5.221765637397766113e-01
-2.597988843917846680e-01
