-1.033517345786094666e-02
8.950163424015045166e-02
-6.576823443174362183e-02
9.556841850280761719e-02
1.478045701980590820e+00
-3.198478743433952332e-02
2.216627635061740875e-02
-3.213213980197906494e-01
-4.074544180184602737e-03
6.030813790857791901e-03
1.645590737462043762e-02
8.591664023697376251e-03
2.003064900636672974e-01
-1.991701684892177582e-02
-2.951516807079315186e-01
4.133417084813117981e-02
-4.620294570922851562e-01
1.732409745454788208e-01
-1.406256854534149170e-01
-9.165610671043395996e-01
-5.764567255973815918e-01
-2.286368757486343384e-01
5.357668176293373108e-02
1.571789383888244629e-01
-5.472173541784286499e-02
6.718373298645019531e-02
2.068391799926757812e+00
-8.160251379013061523e-01
1.396614760160446167e-01
-2.514526844024658203e-01
-4.369014129042625427e-02
-2.869026176631450653e-02
-1.935270056128501892e-02
9.823804348707199097e-02
-4.149061627686023712e-03
4.232150316238403320e-01
9.418062865734100342e-03
-5.245132446289062500e-01
3.250899314880371094e-01
6.821431219577789307e-02
-1.567177027463912964e-01
9.297344684600830078e-01
1.651902943849563599e-01
-9.859338402748107910e-02
-6.602908670902252197e-02
1.933944970369338989e-01
2.203777313232421875e+00
3.514616563916206360e-02
-4.726159851998090744e-03
-1.921623200178146362e-02
1.579459547996520996e+00
8.961581438779830933e-02
-2.593644857406616211e-01
-3.412522077560424805e-01
-3.912191689014434814e-01
-2.883804216980934143e-02
-9.504290670156478882e-02
-2.415932863950729370e-01
5.036124959588050842e-03
8.441180735826492310e-02
1.512871086597442627e-01
1.046758145093917847e-03
6.663170456886291504e-02
1.891296505928039551e-01
1.194339841604232788e-01
4.999521076679229736e-01
-2.323194444179534912e-01
8.184368610382080078e-01
-1.774177998304367065e-01
3.133353590965270996e-01
4.789768718183040619e-03
1.907165497541427612e-01
-2.734277956187725067e-02
-1.662125587463378906e-01
-2.590781152248382568e-01
2.174185216426849365e-01
-2.605910003185272217e-01
2.505440413951873779e-01
-5.552563816308975220e-02
3.175185024738311768e-01
-8.819988369941711426e-02
-2.130549848079681396e-01
1.512503027915954590e-01
8.522856980562210083e-02
4.955713171511888504e-03
1.320754140615463257e-01
1.206086516380310059e+00
-8.709830045700073242e-01
1.630604863166809082e-01
3.001773357391357422e-01
9.775903075933456421e-02
-1.755779236555099487e-01
6.422223895788192749e-02
5.157317593693733215e-02
5.160811822861433029e-03
1.422255933284759521e-01
1.726323738694190979e-02
-6.715446710586547852e-03
-7.366499304771423340e-01
4.033159930258989334e-03
2.348766624927520752e-01
-7.151970267295837402e-01
6.741671357303857803e-03
6.640441715717315674e-03
6.734963655471801758e-01
1.751421391963958740e-01
-4.090293776243925095e-03
1.731801331043243408e-01
2.176294028759002686e-01
-7.827402949333190918e-01
4.690791070461273193e-01
-2.762084603309631348e-01
5.716181918978691101e-02
7.127866148948669434e-01
-7.577710151672363281e-01
2.249394357204437256e-02
-4.154172539710998535e-01
-6.895449161529541016e-01
-3.326421678066253662e-01
-4.556843638420104980e-02
1.156614720821380615e-01
-2.890241742134094238e-01
3.814659640192985535e-02
-7.020892947912216187e-02
-1.870801001787185669e-01
1.654959982261061668e-03
3.257433651015162468e-03
1.011295542120933533e-01
-8.332614600658416748e-02
8.798863887786865234e-01
-8.113312125205993652e-01
-1.521978527307510376e-01
-3.812889382243156433e-02
2.848217822611331940e-02
-2.124900743365287781e-02
2.585810236632823944e-02
6.849832832813262939e-02
5.661448836326599121e-02
1.331336945295333862e-01
7.604243606328964233e-02
-2.570167183876037598e-01
-3.666364848613739014e-01
1.399719119071960449e-01
-1.018331125378608704e-01
3.020111098885536194e-02
7.562378048896789551e-02
-1.634266227483749390e-01
3.179038763046264648e-01
-1.243031620979309082e-01
1.128976225852966309e+00
-2.843381464481353760e-01
7.511038780212402344e-01
4.338312149047851562e-02
5.106129869818687439e-02
-3.050221363082528114e-03
-3.355794399976730347e-02
3.098363578319549561e-01
2.515865862369537354e-01
3.406972885131835938e-01
7.021742407232522964e-03
8.571517653763294220e-03
7.525938749313354492e-02
-8.000853657722473145e-02
2.894167788326740265e-02
-2.201920598745346069e-01
1.116161718964576721e-01
2.066120207309722900e-01
-2.227530926465988159e-01
1.584564149379730225e-02
-3.355798125267028809e-01
-2.696968428790569305e-02
-3.074571788311004639e-01
7.107892632484436035e-02
-7.065739482641220093e-02
-2.438682168722152710e-01
-3.809108957648277283e-02
-4.941167682409286499e-02
-7.637022994458675385e-03
2.716499269008636475e-01
-5.164851546287536621e-01
-2.478791177272796631e-01
2.821325957775115967e-01
-1.243624165654182434e-01
2.789983525872230530e-02
3.711128234863281250e-01
-9.264881163835525513e-02
1.378662139177322388e-01
1.158463880419731140e-01
6.328088045120239258e-01
4.334166646003723145e-03
-5.799265503883361816e-01
-1.073141172528266907e-01
8.233363181352615356e-02
3.071663975715637207e-01
5.529464408755302429e-02
1.218534827232360840e+00
-1.038433462381362915e-01
2.062021568417549133e-02
4.270102083683013916e-02
1.797629743814468384e-01
1.192378066480159760e-02
1.103747561573982239e-01
1.239918321371078491e-01
-6.548175215721130371e-02
-4.508143365383148193e-01
-2.886950373649597168e-01
1.660093963146209717e-01
1.546767652034759521e-01
5.504283681511878967e-02
-8.845174685120582581e-03
2.171404510736465454e-01
-1.648235321044921875e-01
1.402047723531723022e-01
1.139724850654602051e-01
5.835143327713012695e-01
-6.719379685819149017e-03
-2.000684291124343872e-02
4.216613247990608215e-02
-5.661652684211730957e-01
5.927998200058937073e-02
2.773987688124179840e-02
-1.276113986968994141e-01
-9.557681530714035034e-02
8.381076902151107788e-02
1.333602219820022583e-01
1.591791398823261261e-02
1.402214467525482178e-01
-1.468833256512880325e-02
6.308344006538391113e-02
-3.974385559558868408e-02
1.734874993562698364e-01
9.909474104642868042e-02
1.855745315551757812e-01
8.505766093730926514e-02
-1.413914281874895096e-02
1.967060863971710205e-01
-2.780250906944274902e-01
6.691785156726837158e-02
5.195847898721694946e-02
-2.273013114929199219e+00
7.635424137115478516e-01
-2.330633439123630524e-02
-9.340682625770568848e-02
2.205067723989486694e-01
-1.395129319280385971e-02
-1.803747862577438354e-01
-3.301632702350616455e-01
4.695064201951026917e-02
-2.221055142581462860e-02
-6.221925839781761169e-02
3.228735923767089844e-02
-2.743397653102874756e-01
-2.210692316293716431e-01
-1.940137743949890137e-01
-6.722128391265869141e-02
1.026043444871902466e-01
-1.890994012355804443e-01
-2.158720344305038452e-01
6.816285848617553711e-01
-6.245272159576416016e-01
-2.829927392303943634e-02
1.033059358596801758e-01
1.715396791696548462e-01
-1.242523826658725739e-02
1.376821007579565048e-02
-5.622656550258398056e-03
-9.264971129596233368e-03
-6.282502412796020508e-02
8.081820607185363770e-01
2.637125551700592041e-01
3.963978886604309082e-01
2.799893915653228760e-02
-3.200125098228454590e-01
7.490060329437255859e-01
-2.049345821142196655e-01
-4.706864431500434875e-02
4.148828089237213135e-01
3.002426400780677795e-02
-2.012114077806472778e-01
1.729122251272201538e-01
-5.841997265815734863e-01
-5.643315985798835754e-02
2.212024182081222534e-01
-9.557490795850753784e-02
-3.783611655235290527e-01
8.621592074632644653e-02
-3.841427564620971680e-01
5.575696378946304321e-02
1.399503946304321289e-01
5.745685473084449768e-02
3.787190653383731842e-03
-1.174419000744819641e-01
-8.216473460197448730e-02
4.614320583641529083e-03
-1.956764906644821167e-01
-3.152329623699188232e-01
-3.583069890737533569e-02
1.434896588325500488e-01
-3.206096962094306946e-02
-8.356316387653350830e-02
2.446158556267619133e-03
3.340122848749160767e-02
1.625431180000305176e-01
3.102745413780212402e-01
3.394455462694168091e-02
-1.529326289892196655e-02
-6.894919276237487793e-02
-1.932009607553482056e-01
-1.334345191717147827e-01
-1.074879243969917297e-01
-3.358384594321250916e-02
2.866337597370147705e-01
3.247846290469169617e-02
4.280508458614349365e-01
-7.227504253387451172e-02
-2.717092819511890411e-02
7.668962329626083374e-02
1.629567593336105347e-01
-1.111360546201467514e-02
1.934053450822830200e-01
