6.991880387067794800e-02
2.845853380858898163e-02
7.950367033481597900e-02
-1.248039081692695618e-01
-1.744174361228942871e-01
-5.107784271240234375e-02
4.697044193744659424e-02
2.937939390540122986e-02
5.045491736382246017e-03
-2.060507237911224365e-01
-1.456450112164020538e-02
1.829138994216918945e-01
-1.501190215349197388e-01
1.650420308113098145e+00
7.327104103751480579e-04
-9.473390877246856689e-03
1.768929511308670044e-01
5.507754534482955933e-02
-3.238818645477294922e-01
2.417489327490329742e-02
9.610459953546524048e-02
3.366198241710662842e-01
1.670231372117996216e-01
-2.872043289244174957e-02
5.641965270042419434e-01
1.145245656371116638e-01
1.752113848924636841e-01
-1.467332988977432251e-01
-4.004508256912231445e-02
4.579665139317512512e-03
1.298327348195016384e-03
-6.659538950771093369e-03
-9.185916930437088013e-02
-8.764884620904922485e-02
-8.258214592933654785e-02
-8.456990122795104980e-03
-2.808001823723316193e-02
1.012737452983856201e-01
1.946207880973815918e-02
-3.060130635276436806e-03
-8.055850863456726074e-02
-8.653439581394195557e-02
-2.949837967753410339e-02
1.061116680502891541e-01
-2.819213643670082092e-02
7.378283888101577759e-02
-9.471890330314636230e-02
-1.741743236780166626e-01
-3.676564991474151611e-02
-7.776646525599062443e-04
3.630811721086502075e-02
-4.600185900926589966e-02
8.069250732660293579e-02
5.580444633960723877e-02
-1.237511336803436279e-01
1.418018043041229248e-01
-2.687487564980983734e-02
3.072554990649223328e-02
-3.108508139848709106e-02
-2.159314006567001343e-01
-1.984662562608718872e-02
-2.287318557500839233e-02
-5.693230032920837402e-02
1.284342765808105469e+00
1.708140373229980469e-01
-3.855581162497401237e-03
1.172754541039466858e-02
1.349748373031616211e-01
6.778427865356206894e-03
1.056068949401378632e-02
-3.462744876742362976e-02
1.502242754213511944e-03
-4.788840562105178833e-02
-5.911091342568397522e-03
8.674241602420806885e-02
6.235586106777191162e-02
1.997438631951808929e-02
-7.625675946474075317e-02
3.600376099348068237e-02
-4.496953636407852173e-02
1.218655481934547424e-01
-5.114401504397392273e-02
-6.673116702586412430e-03
3.374957144260406494e-01
-3.404215350747108459e-02
-3.659170866012573242e-02
-1.535869836807250977e-01
1.178526040166616440e-02
-2.921007946133613586e-02
-1.636096090078353882e-01
-6.756763905286788940e-02
-4.608117416501045227e-02
-1.955117583274841309e-01
8.815299719572067261e-02
-3.089778311550617218e-02
3.635884495452046394e-04
-3.632739782333374023e-01
1.059815473854541779e-02
4.116372391581535339e-02
-6.375572085380554199e-02
-1.688489806838333607e-03
5.726756528019905090e-03
-4.596085846424102783e-02
-7.749904692173004150e-02
-3.867567703127861023e-02
7.463917136192321777e-02
3.200607001781463623e-01
-2.959501743316650391e-01
8.258787542581558228e-02
5.126197356730699539e-03
4.942515119910240173e-02
-5.881702303886413574e-01
8.921964466571807861e-02
2.489917576313018799e-01
-1.522151827812194824e-01
-1.060459017753601074e-01
7.951025664806365967e-02
-1.482674777507781982e-01
1.212827581912279129e-02
1.389646716415882111e-02
-1.072244904935359955e-02
-1.937293857336044312e-01
6.106490734964609146e-03
-2.275591939687728882e-01
-1.552682816982269287e-01
1.132447496056556702e-01
4.407456517219543457e-01
5.180594325065612793e-01
-3.164225518703460693e-01
-2.274988293647766113e-01
4.029424488544464111e-01
1.775133609771728516e-01
5.216823890805244446e-02
-3.300197422504425049e-01
-4.984180908650159836e-03
-4.229519516229629517e-02
-7.135901600122451782e-02
-8.150225505232810974e-03
2.161402814090251923e-02
2.909239567816257477e-02
1.210953071713447571e-01
-3.782907500863075256e-02
-4.315433651208877563e-02
4.384833276271820068e-01
-8.338455110788345337e-02
-8.161254972219467163e-02
-4.255002364516258240e-02
9.780760109424591064e-02
-1.974463313817977905e-01
-4.532543942332267761e-02
-2.019781917333602905e-01
-1.260271370410919189e-01
-7.846562191843986511e-03
1.524971127510070801e-01
2.667751908302307129e-02
-5.195252224802970886e-02
-6.711927801370620728e-02
1.248238310217857361e-01
6.403632462024688721e-02
-3.683396279811859131e-01
-6.023517623543739319e-02
-1.531541999429464340e-02
-1.325689852237701416e-01
-2.763792313635349274e-02
2.770368568599224091e-02
-3.978908807039260864e-02
2.941529080271720886e-02
-1.628146320581436157e-02
7.986371964216232300e-02
-1.685446798801422119e-01
1.299588233232498169e-01
-7.178678177297115326e-03
6.691131740808486938e-02
-6.286732852458953857e-02
-5.552777275443077087e-02
-3.148746863007545471e-02
-2.140999538823962212e-03
-8.339504599571228027e-01
5.174187198281288147e-02
-1.272754669189453125e-01
3.443022444844245911e-02
-1.446318328380584717e-01
-4.901562631130218506e-02
-1.320150196552276611e-01
-4.652005620300769806e-03
-3.633770393207669258e-03
1.522856857627630234e-02
1.582712292671203613e+00
6.862724572420120239e-02
-1.222434192895889282e-01
2.898631244897842407e-02
9.098356217145919800e-02
8.527881652116775513e-02
1.472136285156011581e-02
-2.278751879930496216e-02
-1.032045483589172363e-01
6.871339082717895508e-01
2.199977934360504150e-01
-3.064769506454467773e-02
1.642859280109405518e-01
-4.525528103113174438e-02
-1.326885223388671875e-01
5.377678200602531433e-02
3.063943386077880859e-01
9.171993732452392578e-01
9.546765685081481934e-02
1.123464549891650677e-03
-2.771299518644809723e-02
-1.027099788188934326e-02
-3.330435976386070251e-02
2.875672280788421631e-02
-1.872869729995727539e-01
1.293376088142395020e-01
-4.060986451804637909e-03
-1.661787629127502441e+00
8.171166479587554932e-02
-2.711083181202411652e-02
8.271694183349609375e-02
9.936482645571231842e-03
-9.123423695564270020e-02
-8.284483850002288818e-02
7.890815846621990204e-03
-1.413898915052413940e-01
3.987447544932365417e-02
7.721074856817722321e-03
-3.006552904844284058e-02
-4.258884117007255554e-02
1.295595243573188782e-02
3.112681806087493896e-01
1.503203958272933960e-01
4.340685904026031494e-03
-3.257359191775321960e-02
1.174930483102798462e-02
-6.290367245674133301e-02
1.427498012781143188e-01
-1.238142773509025574e-01
1.326235830783843994e-01
1.304418500512838364e-02
-1.827973425388336182e-01
1.804096065461635590e-02
-1.796122378436848521e-04
-4.341827630996704102e-01
-5.004448443651199341e-02
4.705144464969635010e-02
9.818067401647567749e-02
-4.420221447944641113e-01
-4.066752269864082336e-02
2.153783105313777924e-02
-1.219991222023963928e-01
-1.225658878684043884e-01
-1.356430649757385254e+00
7.870237343013286591e-03
-1.069742441177368164e+00
-1.906996406614780426e-02
-9.609232842922210693e-02
-2.922089071944355965e-03
2.596116438508033752e-02
1.526935957372188568e-02
-1.304545551538467407e-01
-4.832748770713806152e-01
6.007537245750427246e-03
-2.510786950588226318e-01
2.519378252327442169e-02
-2.130118161439895630e-01
1.117044985294342041e-01
-1.298727542161941528e-01
-3.525990247726440430e-01
1.770193278789520264e-01
1.312047392129898071e-01
2.006901651620864868e-01
-9.053282439708709717e-02
-9.432393126189708710e-03
-5.608098953962326050e-02
-1.365949027240276337e-02
-4.746738448739051819e-02
-1.053889319300651550e-01
5.184413120150566101e-02
2.055687457323074341e-02
-6.784863770008087158e-02
1.872941292822360992e-02
-5.850493162870407104e-02
-6.585464626550674438e-02
1.267730712890625000e+00
-1.539505720138549805e-01
-3.019388578832149506e-02
-4.133102595806121826e-01
-6.826301664113998413e-02
4.839717876166105270e-04
2.384753227233886719e-01
1.455166283994913101e-02
-7.497068494558334351e-02
2.594210207462310791e-01
3.792061656713485718e-02
2.694649435579776764e-02
-7.061891665216535330e-05
3.153607845306396484e-01
-3.214683756232261658e-02
-1.624419242143630981e-01
-1.421761699020862579e-02
1.228029578924179077e-01
8.853423595428466797e-02
1.722308099269866943e-01
-2.770760953426361084e-01
3.158333897590637207e-02
-1.284101366996765137e+00
-1.974179983139038086e+00
-3.390556899830698967e-03
-8.013479709625244141e-01
2.806798219680786133e-01
-6.702096760272979736e-02
-6.738990545272827148e-02
4.464060999453067780e-03
-2.147126942873001099e-02
6.850613653659820557e-02
1.487417612224817276e-02
-1.584945917129516602e-01
-2.700632205232977867e-03
1.780471950769424438e-01
-3.575269505381584167e-02
5.623703002929687500e-01
