-1.889033079147338867e+00
-7.248736619949340820e-01
-1.197242021560668945e+00
-1.370214819908142090e+00
-1.790460705757141113e+00
-1.451172709465026855e+00
-1.118539690971374512e+00
-1.206050515174865723e+00
-1.515621185302734375e+00
1.415828913450241089e-01
-6.775707602500915527e-01
-7.135004401206970215e-01
-6.792806386947631836e-01
-1.037860155105590820e+00
-2.173376321792602539e+00
-8.534179925918579102e-01
-1.044220209121704102e+00
-7.180551886558532715e-01
-1.108711004257202148e+00
-1.071593880653381348e+00
-2.374100834131240845e-01
3.019170463085174561e-01
-8.875989913940429688e-01
-1.364393830299377441e+00
-1.165146708488464355e+00
-7.033393383026123047e-01
-1.324913144111633301e+00
-1.297385573387145996e+00
-1.367205500602722168e+00
-1.251495718955993652e+00
-9.326618313789367676e-01
-1.267103195190429688e+00
-8.504846692085266113e-01
-1.019983291625976562e+00
-1.435347557067871094e+00
-1.117589831352233887e+00
-2.021478652954101562e+00
-1.897635459899902344e+00
3.353770077228546143e-01
-5.308338999748229980e-01
-8.757210373878479004e-01
2.820644080638885498e-01
-1.530301928520202637e+00
-1.828678607940673828e+00
-1.350519895553588867e+00
-1.246340036392211914e+00
-1.573150634765625000e+00
-2.035845279693603516e+00
-1.503286004066467285e+00
-9.147267937660217285e-01
-7.753834724426269531e-01
-8.710579872131347656e-01
-1.492771387100219727e+00
-1.968214750289916992e+00
-9.962489008903503418e-01
-1.510173797607421875e+00
-9.549920558929443359e-01
-6.210904717445373535e-01
-1.948087811470031738e+00
-1.046585202217102051e+00
-9.774327874183654785e-01
-1.208555698394775391e+00
-6.794226169586181641e-01
-1.100018501281738281e+00
-6.732120513916015625e-01
-1.384352803230285645e+00
-1.214108705520629883e+00
-1.001254081726074219e+00
-1.288259863853454590e+00
-1.275798439979553223e+00
-1.420294284820556641e+00
-1.166716337203979492e+00
-1.909188866615295410e+00
-1.107980370521545410e+00
-1.205247521400451660e+00
-9.591407775878906250e-01
-1.161357998847961426e+00
-9.073963761329650879e-01
-1.520686864852905273e+00
-6.446416378021240234e-01
-1.526964545249938965e+00
-7.874565124511718750e-01
-1.329345107078552246e+00
-2.417916059494018555e+00
-2.215865373611450195e+00
-1.191719651222229004e+00
-8.429974555969238281e+00
-1.052032709121704102e+00
-1.059849619865417480e+00
-1.429754734039306641e+00
5.045864582061767578e-01
-1.154242277145385742e+00
-1.733775496482849121e+00
-1.652389883995056152e+00
-8.652548789978027344e+00
-7.380786538124084473e-01
-1.170187711715698242e+00
2.929739952087402344e-01
-9.092392325401306152e-01
-1.412901163101196289e+00
-8.668033480644226074e-01
-1.423626303672790527e+00
-1.067048549652099609e+00
-4.207564890384674072e-01
-4.340406656265258789e-01
-1.943614363670349121e+00
-9.316490292549133301e-01
-8.782269954681396484e-01
-1.283782005310058594e+00
-1.312535405158996582e+00
-1.429568886756896973e+00
-2.526178836822509766e+00
-9.832621812820434570e-01
-1.326893329620361328e+00
-1.365739226341247559e+00
-8.286896944046020508e-01
-1.329882740974426270e+00
-9.280498027801513672e-01
-9.198288321495056152e-01
-8.326594233512878418e-01
-9.869418144226074219e-01
-9.407422542572021484e-01
-1.698842287063598633e+00
2.936297059059143066e-01
-7.982769608497619629e-01
-1.056818008422851562e+00
-1.298736572265625000e+00
-8.670696616172790527e-01
4.056585729122161865e-01
-1.116584300994873047e+00
-1.125652194023132324e+00
-7.645028829574584961e-01
-1.486787080764770508e+00
-4.201163053512573242e-01
-1.203204393386840820e+00
-3.077282309532165527e-01
-1.120244979858398438e+00
-9.996405839920043945e-01
-1.714025855064392090e+00
-5.537864565849304199e-01
-7.756590247154235840e-01
-6.860370039939880371e-01
-1.175418376922607422e+00
-5.666271448135375977e-01
-1.496951818466186523e+00
-1.712787389755249023e+00
-1.047369003295898438e+00
-1.680016517639160156e+00
-1.827465295791625977e+00
2.559426128864288330e-01
-1.069173455238342285e+00
-3.657843828201293945e+00
-1.255479335784912109e+00
-1.280987620353698730e+00
-1.874193549156188965e+00
-2.565175533294677734e+00
-7.402588725090026855e-01
-1.299848437309265137e+00
-3.525617599487304688e+00
-1.550898313522338867e+00
-8.060689270496368408e-02
-9.783445000648498535e-01
-1.150113821029663086e+00
-1.376824140548706055e+00
-9.265915155410766602e-01
3.269843757152557373e-01
-1.895251870155334473e+00
-1.082299232482910156e+00
-1.252033114433288574e+00
-1.243901371955871582e+00
-9.878344535827636719e-01
-8.621234893798828125e-01
-1.041033625602722168e+00
-1.041224837303161621e+00
-6.286512613296508789e-01
-1.256573319435119629e+00
-1.279068231582641602e+00
-1.572593688964843750e+00
-1.281982779502868652e+00
-4.532543420791625977e-01
-1.085689783096313477e+00
-1.376505970954895020e+00
-1.398059010505676270e+00
-1.402943491935729980e+00
-1.454756736755371094e+00
-7.691611647605895996e-01
-2.125097751617431641e+00
-1.092722296714782715e+00
-1.091031193733215332e+00
-1.148750185966491699e+00
-1.166507601737976074e+00
-1.156908392906188965e+00
-1.684611320495605469e+00
-4.256491959095001221e-01
-1.945827484130859375e+00
-1.480355739593505859e+00
-2.556296348571777344e+00
-1.807000517845153809e+00
-1.237636804580688477e+00
-9.420266747474670410e-01
-1.341434001922607422e+00
-1.304495811462402344e+00
-4.785604178905487061e-01
-1.004233717918395996e+00
-1.146602392196655273e+00
-1.183826446533203125e+00
-7.917081117630004883e-01
-4.425795972347259521e-01
-1.464882493019104004e+00
3.276768028736114502e-01
-1.413709044456481934e+00
-1.405202388763427734e+00
-1.427791237831115723e+00
-9.629001617431640625e-01
-1.046864032745361328e+00
-1.117466211318969727e+00
-1.195298671722412109e+00
-5.505687594413757324e-01
3.787793219089508057e-01
-1.193241000175476074e+00
-1.276358723640441895e+00
-1.258041262626647949e+00
-1.928995609283447266e+00
-9.280002117156982422e-01
-8.069795966148376465e-01
-1.893709301948547363e+00
3.672712147235870361e-01
-1.654598236083984375e+00
3.874333500862121582e-01
-6.705079674720764160e-01
-1.437782049179077148e+00
-9.713677763938903809e-01
-8.808790445327758789e-01
-1.923927068710327148e+00
-9.474282860755920410e-01
-9.459398984909057617e-01
-1.208470821380615234e+00
-8.346161246299743652e-01
-8.499881625175476074e-01
-1.345628738403320312e+00
-6.372628808021545410e-01
-1.070173740386962891e+00
-7.471519112586975098e-01
-1.420027375221252441e+00
-1.144034862518310547e+00
-1.074727892875671387e+00
-2.284292936325073242e+00
-1.583260536193847656e+00
-1.192687749862670898e+00
-1.321552991867065430e+00
-1.311486959457397461e+00
-1.451201677322387695e+00
-1.642892837524414062e+00
-1.697671294212341309e+00
-1.415898203849792480e+00
-1.234878420829772949e+00
-1.822198390960693359e+00
-1.055197715759277344e+00
-8.469634652137756348e-01
-1.196472167968750000e+00
-3.087319731712341309e-01
-9.216064810752868652e-01
-1.072116971015930176e+00
-4.127306342124938965e-01
-2.441987276077270508e+00
-7.392967343330383301e-01
-5.766619443893432617e-01
-1.272402763366699219e+00
1.710721254348754883e-01
-1.742517948150634766e+00
-8.067566156387329102e-01
-1.229875683784484863e+00
3.597291707992553711e-01
-1.994052052497863770e+00
-9.570835828781127930e-01
-1.391041874885559082e+00
-1.208094000816345215e+00
-1.025793910026550293e+00
-7.569234371185302734e-01
-9.509445428848266602e-01
-4.316861331462860107e-01
-1.429763197898864746e+00
-1.264384388923645020e+00
-1.265236735343933105e+00
-1.284965276718139648e+00
-8.200936913490295410e-01
-1.416220188140869141e+00
-1.044809460639953613e+00
-1.909214496612548828e+00
3.245628178119659424e-01
3.263705968856811523e-01
-1.896923780441284180e+00
4.662317037582397461e-01
-2.072869777679443359e+00
-1.167497754096984863e+00
-1.600791335105895996e+00
-8.958058357238769531e-01
-1.327813148498535156e+00
-1.754986166954040527e+00
-1.785709500312805176e+00
-7.597811222076416016e-01
-2.651433229446411133e+00
-1.405906796455383301e+00
-1.012689948081970215e+00
-1.330622792243957520e+00
-1.400417447090148926e+00
-1.002847194671630859e+00
-1.741926074028015137e+00
-1.417402744293212891e+00
-1.396022439002990723e+00
3.996917009353637695e-01
-1.414215087890625000e+00
-9.195759296417236328e-01
-1.664092183113098145e+00
-1.781430006027221680e+00
-1.413890004158020020e+00
-2.056338310241699219e+00
-6.168503165245056152e-01
-5.595340728759765625e-01
-1.332037925720214844e+00
