-1.892578601837158203e-01
-5.972117558121681213e-02
-2.075538337230682373e-01
7.802279293537139893e-02
-5.000093579292297363e-02
-1.791428960859775543e-02
4.287255406379699707e-01
-1.496299207210540771e-01
-1.638136245310306549e-02
5.188327431678771973e-01
-3.729016482830047607e-01
2.128647454082965851e-02
5.925306305289268494e-02
2.079219557344913483e-02
-2.085140347480773926e-01
7.286925613880157471e-02
6.867662072181701660e-02
3.252436816692352295e-01
7.637960910797119141e-01
-1.835489720106124878e-01
3.103693947196006775e-03
-4.614292457699775696e-02
-1.753137707710266113e-01
6.838547438383102417e-02
-1.181296035647392273e-01
2.444842606782913208e-01
3.194248974323272705e-01
-1.114189177751541138e-01
-5.394878610968589783e-02
-2.276469953358173370e-02
8.611778914928436279e-02
-7.502897083759307861e-02
-5.352759361267089844e-02
-1.093254983425140381e-02
-2.033533155918121338e-02
9.737079031765460968e-03
7.707063108682632446e-02
-1.215159073472023010e-01
1.614415794610977173e-01
1.536767035722732544e-01
1.073810365051031113e-02
-6.041249260306358337e-03
-5.229319259524345398e-02
-1.022684127092361450e-01
-1.400531530380249023e-01
-1.556428382173180580e-03
-1.026893965899944305e-02
1.159751936793327332e-01
-2.765753306448459625e-02
-4.029088616371154785e-01
1.045138295739889145e-02
5.046853329986333847e-04
1.599163115024566650e-01
3.388551771640777588e-01
1.774642616510391235e-01
1.270310580730438232e-01
-1.555845886468887329e-01
-3.925424814224243164e-02
-1.054692149162292480e+00
6.332549452781677246e-02
1.500501334667205811e-01
6.977477669715881348e-02
-1.297551691532135010e-01
6.735186278820037842e-02
3.864984512329101562e-01
-1.606103591620922089e-02
1.875928878784179688e+00
-3.981921821832656860e-02
-5.289259180426597595e-02
-1.894059628248214722e-01
7.712279260158538818e-02
1.346857428550720215e+00
3.511372208595275879e-02
-2.049548178911209106e-01
-7.231930643320083618e-02
1.056638881564140320e-01
-2.601372636854648590e-02
-1.241167634725570679e-01
-5.674434080719947815e-02
7.295075058937072754e-02
-2.013413757085800171e-01
-3.225774168968200684e-01
-1.578055471181869507e-01
1.739380061626434326e-01
1.468725153245031834e-03
1.544884890317916870e-01
4.392442293465137482e-03
1.755496561527252197e-01
8.036988228559494019e-02
2.920944690704345703e-01
1.054531782865524292e-01
-5.523324012756347656e-03
-2.840593270957469940e-02
3.059374988079071045e-01
2.058875188231468201e-02
-5.114595219492912292e-02
-1.520131677389144897e-01
1.950620324350893497e-03
3.502503782510757446e-02
-8.448505401611328125e-02
1.479057520627975464e-01
-2.932439744472503662e-01
1.512677408754825592e-02
-3.798965364694595337e-02
8.440816402435302734e-02
-5.805013775825500488e-01
-4.176833666861057281e-03
-4.884492233395576477e-02
1.603389531373977661e-01
1.284002512693405151e-01
7.801606785506010056e-03
-2.738757804036140442e-02
-8.138821721076965332e-01
1.416376382112503052e-01
-1.109600253403186798e-02
-4.430409520864486694e-02
-2.337191021069884300e-03
-1.853973837569355965e-03
-1.048345491290092468e-01
5.350736901164054871e-02
-4.967852234840393066e-01
1.090050581842660904e-02
-3.727625906467437744e-01
6.245399266481399536e-02
1.616346463561058044e-02
7.770276814699172974e-02
2.237999886274337769e-01
-1.538724303245544434e+00
-7.824745029211044312e-02
7.383993268013000488e-02
1.037585496902465820e+00
4.214285686612129211e-02
5.789297074079513550e-02
-1.979201287031173706e-02
2.901854179799556732e-02
1.434325575828552246e-01
1.574145853519439697e-01
3.303750753402709961e-01
1.828146539628505707e-02
3.469801545143127441e-01
7.097706943750381470e-02
1.877313554286956787e-01
3.191034123301506042e-02
2.151159755885601044e-02
-1.729609793983399868e-03
4.942734166979789734e-02
-3.198502212762832642e-02
1.608374416828155518e-01
-2.070222981274127960e-03
1.508967131376266479e-01
1.030139997601509094e-01
6.457800418138504028e-02
-1.260855495929718018e-01
-1.039464026689529419e-02
-1.070664286613464355e+00
-4.918975830078125000e-01
9.749829769134521484e-02
-1.320349425077438354e-01
1.487006545066833496e-01
1.218837797641754150e-01
-1.215319514274597168e+00
5.188173800706863403e-02
-4.120089113712310791e-02
-1.749793440103530884e-01
3.170074895024299622e-03
1.364206820726394653e-01
9.845832362771034241e-03
-7.399555444717407227e-01
9.547107666730880737e-02
-1.147321462631225586e-01
-6.058008074760437012e-01
-4.118930175900459290e-02
-7.748233620077371597e-03
1.883801519870758057e-01
-3.832305595278739929e-02
-4.709077998995780945e-02
1.696774549782276154e-02
-9.657219052314758301e-01
5.120530351996421814e-02
-7.109700888395309448e-02
2.383500151336193085e-02
-6.229304708540439606e-03
1.804525032639503479e-02
-2.291568517684936523e-01
1.597012877464294434e-01
1.971998959779739380e-01
-3.498106077313423157e-02
-1.572412811219692230e-02
1.211301922798156738e+00
-1.532516535371541977e-02
-3.074437379837036133e-03
5.694722756743431091e-02
-5.892580002546310425e-02
-6.467736512422561646e-02
2.992351651191711426e-01
4.083037842065095901e-03
1.211758330464363098e-01
3.091187775135040283e-02
7.192279398441314697e-02
1.086024343967437744e-01
8.994005620479583740e-02
-9.235936217010021210e-03
2.440809831023216248e-02
1.611293107271194458e-02
-7.377644628286361694e-02
-7.168544828891754150e-02
2.412563115358352661e-01
2.227398380637168884e-02
-5.017974972724914551e-02
1.685361377894878387e-02
-1.164946109056472778e-01
1.610423997044563293e-02
2.581761963665485382e-02
1.319253630936145782e-02
7.884621620178222656e-03
1.475107967853546143e-01
2.297231703996658325e-01
2.697550691664218903e-02
3.478789702057838440e-02
-7.960935472510755062e-04
3.969527781009674072e-02
8.424480259418487549e-02
-4.766916856169700623e-02
-6.525854021310806274e-02
-2.757065556943416595e-02
1.300171911716461182e-01
-6.789055466651916504e-02
-5.710976719856262207e-01
3.539330139756202698e-02
-8.606506884098052979e-02
-3.155816812068223953e-03
-1.225121393799781799e-01
1.161522865295410156e-01
2.356529533863067627e-01
-8.336206525564193726e-02
-2.453787997364997864e-02
-2.584961801767349243e-02
2.282266616821289062e+00
1.619039028882980347e-01
6.148098036646842957e-02
4.700754210352897644e-02
3.090957179665565491e-02
-3.212549164891242981e-02
-1.125249266624450684e-01
-7.385371625423431396e-02
-6.750011816620826721e-03
-2.599084973335266113e-01
2.807737886905670166e-01
-8.051385730504989624e-02
-8.227228373289108276e-02
-4.151840507984161377e-02
-2.939326763153076172e-01
1.191942393779754639e-02
-2.765304595232009888e-02
-7.804255187511444092e-02
6.074463576078414917e-02
-1.191195566207170486e-03
2.035611271858215332e-01
1.004192382097244263e-01
3.757210820913314819e-02
-1.607585325837135315e-02
9.338777512311935425e-02
-6.702410429716110229e-02
-4.866722971200942993e-02
-2.180150151252746582e-01
-3.532266477122902870e-03
-7.494865357875823975e-02
-1.449321210384368896e-02
-2.225027978420257568e-01
-1.191263087093830109e-02
2.547454237937927246e-01
1.477669626474380493e-01
-6.607123650610446930e-03
-1.991945784538984299e-03
1.498387306928634644e-01
5.897744093090295792e-03
-4.682963714003562927e-02
1.010926812887191772e-01
-1.972314566373825073e-01
2.419998198747634888e-01
-9.681399911642074585e-02
-4.617861658334732056e-02
-1.693386882543563843e-01
1.116918027400970459e-02
-3.865481540560722351e-02
1.011436954140663147e-01
-5.680103302001953125e-01
-1.668806821107864380e-01
-2.121263742446899414e-01
-3.927861154079437256e-02
-2.189341932535171509e-01
-3.378641232848167419e-02
1.557222604751586914e+00
-2.155065089464187622e-01
1.535045504570007324e-01
-1.054211482405662537e-01
1.127212308347225189e-03
-5.220120772719383240e-02
-2.986678108572959900e-02
4.418819397687911987e-02
2.113236665725708008e+00
4.596894234418869019e-02
-1.099327728152275085e-01
7.516894489526748657e-02
7.160606980323791504e-02
-4.105304926633834839e-02
5.249719023704528809e-01
8.264207094907760620e-02
-3.434596583247184753e-03
2.559533342719078064e-02
2.838411182165145874e-02
-4.824206605553627014e-02
-4.225704818964004517e-03
-3.668013215065002441e-02
8.291947096586227417e-02
-2.075507402420043945e+00
3.145409822463989258e-01
-2.638359926640987396e-02
7.896357029676437378e-02
-2.158687412738800049e-01
