-1.684254646301269531e+00
-1.325074672698974609e+00
-2.189048975706100464e-01
-2.007894754409790039e+00
-1.062087059020996094e+00
-8.455355763435363770e-01
1.464094221591949463e-01
-1.419575691223144531e+00
-1.488667607307434082e+00
-1.062679290771484375e+00
-9.667409062385559082e-01
-1.915975451469421387e+00
-1.199712753295898438e+00
-2.700563967227935791e-01
-8.588379621505737305e-01
-1.324914097785949707e+00
-6.196687698364257812e+00
-1.087785243988037109e+00
-1.279686808586120605e+00
-7.471786737442016602e-01
-7.635554075241088867e-01
-1.431702733039855957e+00
-1.248965501785278320e+00
-1.682022333145141602e+00
-1.142114400863647461e+00
-1.287432789802551270e+00
-1.353060841560363770e+00
-2.741574048995971680e+00
-1.791022062301635742e+00
3.789506852626800537e-01
-1.193113207817077637e+00
-1.229507327079772949e+00
-1.014016151428222656e+00
-5.995174646377563477e-01
1.994307488203048706e-01
-6.393916010856628418e-01
-1.291544437408447266e+00
-1.155633449554443359e+00
-8.187930583953857422e-01
-1.202981710433959961e+00
-8.118811845779418945e-01
-2.194285631179809570e+00
-1.251055121421813965e+00
-1.176329731941223145e+00
-1.527529358863830566e-01
-1.737157344818115234e+00
-1.385077476501464844e+00
-1.275843262672424316e+00
-1.506712436676025391e+00
-8.234626054763793945e-01
-1.427809119224548340e+00
-1.833137154579162598e+00
-9.989428520202636719e-01
-1.281320214271545410e+00
-8.330777287483215332e-01
3.449971675872802734e-01
-1.277087688446044922e+00
-1.229481458663940430e+00
-2.322526693344116211e+00
-9.957273006439208984e-01
-1.444707036018371582e+00
-1.076137065887451172e+00
-8.941350579261779785e-01
-1.618765830993652344e+00
-6.219417572021484375e+00
-1.413056850433349609e+00
-4.600073397159576416e-01
-8.198319077491760254e-01
-1.631338357925415039e+00
-1.124389529228210449e+00
-1.744585931301116943e-01
-1.339460611343383789e+00
-1.030249595642089844e+00
-7.741605639457702637e-01
-1.635015726089477539e+00
-3.819015324115753174e-01
-1.746773719787597656e+00
-1.153823375701904297e+00
-1.951170802116394043e+00
-1.043193340301513672e+00
3.168008923530578613e-01
-1.566908836364746094e+00
-1.161703348159790039e+00
-2.105279207229614258e+00
-2.043323278427124023e+00
3.290310204029083252e-01
-1.178013920783996582e+00
-1.141341686248779297e+00
-1.237545013427734375e+00
-1.309180378913879395e+00
-1.231502532958984375e+00
-1.175202488899230957e+00
-2.223878622055053711e+00
-1.007844686508178711e+00
-5.152253508567810059e-01
3.585765361785888672e-01
-2.039275884628295898e+00
-1.208732962608337402e+00
-1.316264629364013672e+00
-1.808526396751403809e+00
-1.215356111526489258e+00
-1.623233556747436523e+00
-1.290648221969604492e+00
5.622704625129699707e-01
-1.065497994422912598e+00
-1.783267974853515625e+00
-2.662670016288757324e-01
-2.033411741256713867e+00
-1.335793375968933105e+00
-1.335416078567504883e+00
1.900256425142288208e-01
-1.200693845748901367e+00
-1.049710392951965332e+00
-1.529493331909179688e+00
-8.487520217895507812e-01
-1.474399447441101074e+00
-6.255897879600524902e-01
-1.034810304641723633e+00
-4.328859329223632812e+00
-1.267424941062927246e+00
2.378743410110473633e+00
-1.605565071105957031e+00
-1.374460101127624512e+00
-2.846702635288238525e-01
-9.128084182739257812e-01
-7.983779907226562500e-01
-4.706032276153564453e+00
-1.591489672660827637e+00
-8.399844765663146973e-01
-1.639377713203430176e+00
-2.053426265716552734e+00
-1.207210302352905273e+00
-5.712965726852416992e-01
-1.280453443527221680e+00
-1.389628648757934570e+00
-1.507952213287353516e+00
-1.942858934402465820e+00
-1.502404332160949707e+00
-1.042102813720703125e+00
-8.248915076255798340e-01
-3.266919374465942383e+00
-1.078592419624328613e+00
-1.728832602500915527e+00
-1.335564970970153809e+00
-9.215309023857116699e-01
-9.735952019691467285e-01
-7.490788400173187256e-02
-1.202265620231628418e+00
-1.533399820327758789e+00
-1.119665503501892090e+00
-1.849114537239074707e+00
-1.869811058044433594e+00
-6.739351749420166016e-01
-5.179219245910644531e-01
-2.155033588409423828e+00
-1.380755424499511719e+00
3.108840286731719971e-01
-1.261805415153503418e+00
-5.040144443511962891e+00
-6.462609767913818359e-01
-1.181477189064025879e+00
-8.272982835769653320e-01
-7.217131257057189941e-01
4.147292375564575195e-01
-1.084272027015686035e+00
-1.270485401153564453e+00
2.431389242410659790e-01
-1.041815400123596191e+00
-1.257964134216308594e+00
-1.178498983383178711e+00
-1.309365510940551758e+00
-8.702862262725830078e-01
-9.405966401100158691e-01
-1.272582054138183594e+00
-1.372817277908325195e+00
-8.005394339561462402e-01
1.213514804840087891e-01
-3.554880857467651367e+00
-5.309719443321228027e-01
-1.421974420547485352e+00
-1.348814129829406738e+00
-1.046721577644348145e+00
-1.119028091430664062e+00
2.983039803802967072e-02
-1.008653998374938965e+00
-1.140593767166137695e+00
8.152720332145690918e-02
-9.605414867401123047e-01
-1.023458838462829590e+00
-1.499249577522277832e+00
-1.126489520072937012e+00
3.641536831855773926e-01
3.224042654037475586e-01
-7.721835374832153320e-01
-1.803288817405700684e+00
1.930358260869979858e-01
-7.790489792823791504e-01
-2.201909273862838745e-01
-8.717392683029174805e-01
-1.114468574523925781e+00
1.412542760372161865e-01
-2.759348154067993164e+00
-8.880805969238281250e-01
-1.093434572219848633e+00
-1.662103652954101562e+00
-1.117825865745544434e+00
-1.353770256042480469e+00
-1.580954790115356445e+00
-9.534477591514587402e-01
-1.607914924621582031e+00
-9.695779085159301758e-01
-1.314123868942260742e+00
-1.137063980102539062e+00
-1.737491130828857422e+00
-1.013397216796875000e+00
-1.686516046524047852e+00
-1.198668479919433594e+00
-1.004419445991516113e+00
-1.866575241088867188e+00
-9.626231789588928223e-01
-1.009893536567687988e+00
-7.468523383140563965e-01
-1.001011848449707031e+00
-1.512896418571472168e+00
-1.168351650238037109e+00
-1.706070661544799805e+00
-1.291173458099365234e+00
-2.691258430480957031e+00
-3.772105276584625244e-01
-7.658933997154235840e-01
-9.046990275382995605e-01
-1.378727316856384277e+00
-1.358065128326416016e+00
-1.450355887413024902e+00
-1.403950572013854980e+00
-1.067317605018615723e+00
-1.387106895446777344e+00
5.467517971992492676e-01
-2.508243560791015625e+00
-6.690462827682495117e-01
-1.023001432418823242e+00
-8.372789621353149414e-01
-1.697163105010986328e+00
-1.538623929023742676e+00
2.320284992456436157e-01
-6.279334425926208496e-01
-1.392193794250488281e+00
-1.501777648925781250e+00
-2.844400405883789062e+00
2.271570414304733276e-01
-2.173826932907104492e+00
-9.752880334854125977e-01
-3.642573487013578415e-03
-1.410779953002929688e+00
5.733464956283569336e-01
-1.482320904731750488e+00
2.873056530952453613e-01
-1.793914675712585449e+00
-2.212099790573120117e+00
-1.650752544403076172e+00
-7.898947596549987793e-01
3.543619811534881592e-02
1.415650993585586548e-01
-3.926704525947570801e-01
-1.683652520179748535e+00
-1.497474312782287598e+00
-9.477043151855468750e-01
-9.939731359481811523e-01
-2.490020036697387695e+00
-9.025318026542663574e-01
4.544973969459533691e-01
-1.022370815277099609e+00
-1.113395571708679199e+00
-9.296870827674865723e-01
-6.508373022079467773e-01
-1.304250121116638184e+00
-6.443629264831542969e-01
-1.079917550086975098e+00
-1.522361516952514648e+00
-1.903645277023315430e+00
-1.608587265014648438e+00
-1.337442278861999512e+00
-9.870748519897460938e-01
-1.222928762435913086e+00
-1.307079553604125977e+00
-1.096140265464782715e+00
2.469181567430496216e-01
-1.244550466537475586e+00
-1.712059974670410156e+00
-9.586648941040039062e-01
-3.273706674575805664e+00
-1.057055592536926270e+00
-1.781545639038085938e+00
-1.019991874694824219e+00
-1.098559856414794922e+00
1.839985698461532593e-01
-9.653324484825134277e-01
-1.309812068939208984e+00
-2.263485938310623169e-01
-1.501573801040649414e+00
-8.867596387863159180e-01
1.039402931928634644e-01
-1.984127402305603027e+00
-1.146751880645751953e+00
-6.486296057701110840e-01
4.116250872611999512e-01
1.736757010221481323e-01
-6.316092014312744141e-01
-1.937444329261779785e+00
-1.225374221801757812e+00
-6.453399181365966797e+00
-1.151873350143432617e+00
-1.375250101089477539e+00
-1.250746726989746094e+00
-1.348101377487182617e+00
-1.474833011627197266e+00
-1.141550540924072266e+00
-4.940279960632324219e+00
-1.396561741828918457e+00
-1.572786688804626465e+00
