-3.182955458760261536e-02
6.275720894336700439e-02
-8.157402276992797852e-02
-1.106934666633605957e+00
1.135199964046478271e-01
-6.104961037635803223e-01
-4.926363937556743622e-03
-6.817051023244857788e-02
7.649253308773040771e-02
-6.304104626178741455e-02
-3.497735857963562012e-01
-8.594728261232376099e-02
-6.465888768434524536e-02
-1.124739367514848709e-02
-2.289531379938125610e-02
-2.528822720050811768e-01
7.464288175106048584e-02
-3.921296894550323486e-01
-1.512562036514282227e+00
3.740001842379570007e-02
1.288105826824903488e-02
5.177667737007141113e-01
-2.484380081295967102e-02
-6.786977499723434448e-02
6.129695847630500793e-02
3.429526695981621742e-03
1.847041547298431396e-01
1.347612775862216949e-02
3.319276273250579834e-01
-6.923893815837800503e-04
-2.242109775543212891e-01
9.090663790702819824e-01
-1.185886263847351074e-01
-1.053767919540405273e+00
8.527773618698120117e-02
-1.132556945085525513e-01
-6.243503652513027191e-03
-1.518806815147399902e+00
-9.224589914083480835e-02
6.356123089790344238e-02
-1.398395150899887085e-01
2.955910190939903259e-02
1.800646260380744934e-02
1.172103546559810638e-02
1.345988512039184570e-01
-3.817118406295776367e-01
6.361185759305953979e-02
5.648985877633094788e-02
7.342649251222610474e-02
-6.886142492294311523e-02
5.956768393516540527e-01
1.691251516342163086e+00
4.638509452342987061e-02
2.166034728288650513e-01
2.446264773607254028e-02
-1.334503293037414551e+00
-7.530938088893890381e-02
-2.314595505595207214e-02
-3.842705488204956055e-02
-5.899640917778015137e-02
-9.098275005817413330e-02
9.639724344015121460e-02
1.300575770437717438e-02
1.482284963130950928e-01
3.195351958274841309e-01
5.492609366774559021e-02
-1.724204421043395996e-02
-8.280405402183532715e-01
3.659898638725280762e-01
-1.280261725187301636e-01
-1.383915776386857033e-03
-1.847910732030868530e-01
9.879297018051147461e-02
-4.400509595870971680e-02
-1.329265236854553223e-01
4.210051521658897400e-02
4.746200144290924072e-01
-2.792886495590209961e-01
1.661528497934341431e-01
-7.956163026392459869e-03
-5.703923292458057404e-03
-4.956631455570459366e-03
4.599396288394927979e-01
9.720292873680591583e-03
9.166142344474792480e-02
8.049212694168090820e-01
-9.499297142028808594e-01
-1.424308959394693375e-02
1.038046181201934814e-01
-2.846043705940246582e-01
-1.964013278484344482e-01
1.250755190849304199e+00
-9.156966209411621094e-02
2.762902993708848953e-03
4.018567502498626709e-02
-2.020630985498428345e-02
1.872192323207855225e-01
-1.893595606088638306e-02
1.240217611193656921e-01
-9.090573526918888092e-03
-1.845526546239852905e-01
-1.442857384681701660e-01
4.641059413552284241e-02
2.110945731401443481e-01
1.591322422027587891e-01
-4.011832177639007568e-01
1.322942733764648438e+00
1.310746967792510986e-01
-1.759464144706726074e-01
6.140554323792457581e-02
-2.640799880027770996e-01
-9.458916783332824707e-01
-1.159230247139930725e-01
4.550979286432266235e-02
2.372743003070354462e-02
-4.782012850046157837e-02
3.331290557980537415e-02
-8.425417542457580566e-02
5.266040563583374023e-01
-1.322040706872940063e-01
8.880981802940368652e-02
-2.951619327068328857e-01
1.419975757598876953e-01
-1.058897852897644043e+00
4.728917032480239868e-02
-1.507894694805145264e-01
1.197898238897323608e-01
-2.526207640767097473e-02
4.842328131198883057e-01
-3.437240049242973328e-02
1.801877379417419434e+00
1.831713765859603882e-01
2.103635296225547791e-02
5.726233869791030884e-02
1.244713366031646729e-01
-3.179339468479156494e-01
4.763219058513641357e-01
-1.152881532907485962e-01
1.360060833394527435e-02
2.536535821855068207e-02
4.135079383850097656e-01
-1.359731912612915039e+00
-1.412274688482284546e-02
-6.825619842857122421e-03
-2.931034006178379059e-02
5.167847964912652969e-03
2.714124619960784912e-01
9.436864405870437622e-03
2.216006040573120117e+00
-7.198221236467361450e-02
9.129977226257324219e-02
-1.477166652679443359e+00
-2.967158257961273193e-01
-8.915430307388305664e-02
-1.578845642507076263e-02
-2.019954323768615723e-01
4.713922739028930664e-02
-1.102680922485888004e-03
-4.984677955508232117e-02
-1.708946074359118938e-03
-1.391644477844238281e-01
-4.869813844561576843e-02
-1.452656984329223633e-01
-4.909016564488410950e-02
-2.154623419046401978e-01
1.531020645052194595e-02
5.151192545890808105e-01
-4.986916482448577881e-02
-1.257856488227844238e-01
-5.654029250144958496e-01
7.105881720781326294e-02
-2.019486874341964722e-01
-8.330062776803970337e-02
-8.825753629207611084e-02
-5.005124807357788086e-01
-1.061428058892488480e-02
5.051418766379356384e-02
1.985995471477508545e-01
2.577205374836921692e-02
4.372648596763610840e-01
-2.692219987511634827e-02
1.206131935119628906e+00
2.455777078866958618e-01
1.054334361106157303e-02
-6.108514592051506042e-02
-1.870307028293609619e-01
7.190073281526565552e-02
-1.793321222066879272e-01
-3.003504574298858643e-01
-9.280280023813247681e-02
-4.323228597640991211e-01
1.546592116355895996e-01
-1.618939042091369629e-01
1.298661250621080399e-02
4.279586374759674072e-01
-1.366485804319381714e-01
1.371890544891357422e+00
-1.609296910464763641e-02
-1.765836328268051147e-01
-1.928371377289295197e-02
-2.151734661310911179e-03
-2.949329465627670288e-02
1.190070882439613342e-01
1.710770130157470703e-01
-3.967198729515075684e-01
1.291487738490104675e-02
8.810839056968688965e-02
2.937989123165607452e-02
1.154213324189186096e-01
2.322659827768802643e-02
-8.701963722705841064e-02
-1.754997730255126953e+00
-1.331072649918496609e-03
1.603764295578002930e-01
1.258525252342224121e-01
5.148040130734443665e-02
-9.840452671051025391e-02
1.029283851385116577e-01
-8.568448424339294434e-01
7.697827368974685669e-02
-2.014088630676269531e-02
2.968888916075229645e-02
-1.919874310493469238e+00
4.121882468461990356e-02
1.855326771736145020e+00
-1.379768997430801392e-01
5.090544372797012329e-02
-2.946938276290893555e-01
2.233780920505523682e-02
-1.580139994621276855e-02
-1.630372405052185059e-01
2.612441480159759521e-01
1.592878252267837524e-02
3.534269332885742188e-02
2.106114849448204041e-02
-4.038066416978836060e-02
-3.107412159442901611e-02
-3.651018720120191574e-03
6.123600993305444717e-03
-1.703137755393981934e-01
1.096387486904859543e-02
-2.035830356180667877e-02
-1.283898651599884033e-01
2.148533985018730164e-02
-1.484373658895492554e-01
1.920407521538436413e-03
-1.474105194211006165e-02
-4.231446087360382080e-01
2.584005594253540039e-01
3.699672967195510864e-02
6.511965990066528320e-01
-5.660491809248924255e-02
9.994493424892425537e-02
-3.259970247745513916e-02
-5.911763906478881836e-01
-1.156315580010414124e-01
3.201953172683715820e-01
-8.703932911157608032e-02
-8.366686105728149414e-02
-3.667928278446197510e-02
7.589012384414672852e-02
5.450306087732315063e-02
8.074360340833663940e-02
1.668844968080520630e-01
8.508533239364624023e-01
1.990990787744522095e-01
-6.893651932477951050e-02
-1.006917357444763184e-01
7.811699062585830688e-02
2.930837869644165039e-01
4.585505649447441101e-02
-5.926201492547988892e-02
-3.417579829692840576e-02
2.044367343187332153e-01
-8.885050415992736816e-01
-1.391832232475280762e-01
-5.970576405525207520e-01
-4.475424885749816895e-01
-8.033713325858116150e-03
-1.403472870588302612e-01
-2.223157323896884918e-02
-1.728072613477706909e-01
-4.383800551295280457e-02
1.061506662517786026e-02
1.853739097714424133e-02
1.612873673439025879e-01
-7.025741785764694214e-02
-3.276742994785308838e-01
2.666836380958557129e-01
8.847154378890991211e-01
-2.817686833441257477e-02
2.384804040193557739e-01
5.635484457015991211e-01
-6.703018676489591599e-03
-1.819405794143676758e+00
1.003001213073730469e+00
-1.021833419799804688e+00
-2.936120629310607910e-01
3.628845512866973877e-01
5.996628478169441223e-02
1.745059527456760406e-02
4.546076655387878418e-01
-1.376542150974273682e-01
7.137066870927810669e-02
-2.783244103193283081e-02
-2.253623679280281067e-02
1.011438295245170593e-01
1.076676249504089355e-01
-2.665411829948425293e-01
5.777577757835388184e-01
4.482311382889747620e-02
3.199285566806793213e-01
1.860965043306350708e-01
4.740913808345794678e-01
6.947574205696582794e-03
1.251238703727722168e+00
-1.903303146362304688e+00
-5.083936080336570740e-02
1.822452433407306671e-02
1.480877101421356201e-01
