-7.666625976562500000e-01
-7.353558540344238281e-01
-1.646860122680664062e+00
-7.961606383323669434e-01
-1.459174513816833496e+00
-1.153544425964355469e+00
-1.515575766563415527e+00
-8.031877279281616211e-01
-1.580298662185668945e+00
-7.785878777503967285e-01
-4.038656949996948242e-01
-1.096596837043762207e+00
-1.005923867225646973e+00
-9.897183775901794434e-01
-1.613337039947509766e+00
-6.350344657897949219e+00
-2.069703817367553711e+00
-9.888504147529602051e-01
-9.908376336097717285e-01
-6.384791851043701172e+00
-1.545536279678344727e+00
-1.295094370841979980e+00
-7.531356811523437500e-01
-2.422106742858886719e+00
-7.100880742073059082e-01
-1.043945193290710449e+00
-1.761768579483032227e+00
-8.618865609169006348e-01
-8.577883243560791016e-01
-1.619035601615905762e+00
-1.026960730552673340e+00
-8.330861926078796387e-01
-8.468862771987915039e-01
-1.036201238632202148e+00
-1.133179545402526855e+00
-1.669742107391357422e+00
-6.726642698049545288e-02
-9.544381499290466309e-01
-1.413851737976074219e+00
-5.147768020629882812e+00
-3.812378942966461182e-01
-6.946205496788024902e-01
-2.006499767303466797e+00
-1.741245627403259277e+00
7.228834033012390137e-01
-1.745827794075012207e+00
-1.439432978630065918e+00
-1.783618450164794922e+00
-1.310088515281677246e+00
-1.501863598823547363e+00
-1.140650629997253418e+00
-3.879453241825103760e-01
-1.519589185714721680e+00
-1.374030232429504395e+00
-9.652555584907531738e-01
-9.790393114089965820e-01
-1.415893793106079102e+00
-1.484905004501342773e+00
-1.061533927917480469e+00
-1.121762394905090332e+00
-2.040589094161987305e+00
-1.047799468040466309e+00
-1.827127933502197266e+00
-1.510594606399536133e+00
6.821720004081726074e-01
-7.967432022094726562e+00
-1.231644988059997559e+00
-1.604099988937377930e+00
-1.239785075187683105e+00
-2.217077255249023438e+00
-1.032013058662414551e+00
-2.210689306259155273e+00
-5.265150666236877441e-01
-1.476985454559326172e+00
-1.277858257293701172e+00
-1.240983247756958008e+00
-2.614937126636505127e-01
-5.140305161476135254e-01
-1.582583546638488770e+00
-2.578557252883911133e+00
-7.268929481506347656e-01
3.925337791442871094e-01
-1.779705882072448730e+00
-1.263605117797851562e+00
-1.923690557479858398e+00
-9.634755849838256836e-01
-7.233906745910644531e+00
-6.750965118408203125e-01
-1.231236934661865234e+00
-8.906101584434509277e-01
-1.648549199104309082e+00
-1.842979669570922852e+00
-1.211637616157531738e+00
-4.975471198558807373e-01
-3.059499263763427734e+00
-1.251786470413208008e+00
-1.592812538146972656e+00
-2.045167922973632812e+00
-3.782204389572143555e-01
-9.924021363258361816e-01
-9.164389967918395996e-01
-6.855301260948181152e-01
-1.250968337059020996e+00
-6.303848624229431152e-01
-1.336379170417785645e+00
-1.750671029090881348e+00
-8.974493145942687988e-01
-1.767022967338562012e+00
-2.063799619674682617e+00
-1.756671309471130371e+00
-1.131778359413146973e+00
8.617008477449417114e-02
7.540343403816223145e-01
-1.881743431091308594e+00
-2.881722688674926758e+00
-2.996871709823608398e+00
-1.188947916030883789e+00
8.043299615383148193e-02
-9.081943035125732422e-01
-1.475335240364074707e+00
-9.711360931396484375e-01
-1.400266170501708984e+00
-3.476994037628173828e+00
-7.846261262893676758e-01
-1.620623946189880371e+00
-1.665197849273681641e+00
-1.073339223861694336e+00
-1.846815586090087891e+00
-9.770579934120178223e-01
-9.078738689422607422e-01
-5.853877067565917969e-01
-1.330643415451049805e+00
-1.862490534782409668e+00
-2.855020999908447266e+00
5.375989079475402832e-01
-1.426414728164672852e+00
-1.901046037673950195e+00
-9.032722711563110352e-01
-1.375569581985473633e+00
-7.334773540496826172e-01
-1.934185147285461426e+00
-1.961112141609191895e+00
-3.577951431274414062e+00
-1.556828141212463379e+00
-2.445245981216430664e+00
-1.169388055801391602e+00
-6.012419462203979492e-01
-2.108843564987182617e+00
2.370588541030883789e+00
-7.512573599815368652e-01
-1.217387795448303223e+00
-2.573665618896484375e+00
-8.072371482849121094e-01
-1.198734283447265625e+00
-4.074597656726837158e-01
-1.148625612258911133e+00
-1.294697403907775879e+00
-1.101916551589965820e+00
-1.131270527839660645e+00
-5.662019252777099609e-01
-1.812049865722656250e+00
-1.412450909614562988e+00
-9.009231328964233398e-01
-7.636263370513916016e-01
-1.332952022552490234e+00
-1.603276252746582031e+00
-1.319513678550720215e+00
-8.085152506828308105e-01
-1.679058194160461426e+00
-1.109534740447998047e+00
-9.526124000549316406e-01
1.056781224906444550e-02
-7.015854120254516602e-01
-6.372204422950744629e-01
-2.091722249984741211e+00
-6.179272532463073730e-01
-7.988159656524658203e-01
-8.090347647666931152e-01
-8.174016475677490234e-01
-8.229770660400390625e-01
4.155809059739112854e-02
-9.538755416870117188e-01
-1.278734922409057617e+00
-1.330239415168762207e+00
-1.189920425415039062e+00
-1.285943865776062012e+00
-3.910166919231414795e-01
-1.244637966156005859e+00
-1.641367554664611816e+00
-1.632839798927307129e+00
-1.300180077552795410e+00
-3.250683069229125977e+00
-1.996670484542846680e+00
-7.455977916717529297e+00
-7.018759250640869141e+00
-9.964526295661926270e-01
-2.744451999664306641e+00
-1.356890559196472168e+00
-7.202021479606628418e-01
-6.304656267166137695e-01
-9.853534102439880371e-01
7.315864562988281250e-01
-1.600257158279418945e+00
-8.087247610092163086e-01
-9.746063351631164551e-01
-5.260887145996093750e-01
-1.233957886695861816e+00
-8.459194898605346680e-01
-1.618191957473754883e+00
-6.903878688812255859e+00
-1.241846084594726562e+00
-6.175019741058349609e+00
-8.835217356681823730e-01
-2.096558809280395508e+00
-8.183022737503051758e-01
-2.224982023239135742e+00
-2.550274372100830078e+00
-7.174151390790939331e-02
-9.216696023941040039e-01
-1.766679406166076660e+00
-1.090042352676391602e+00
1.927533030509948730e+00
-1.247335910797119141e+00
-2.348431587219238281e+00
-1.979445815086364746e+00
1.968212962150573730e+00
-1.931047797203063965e+00
-7.586153745651245117e-01
-9.797079116106033325e-02
-1.867231965065002441e+00
-4.145318567752838135e-01
-8.135997056961059570e-01
-9.639367461204528809e-01
-7.495313882827758789e-01
-2.148896694183349609e+00
-1.926273822784423828e+00
-6.140350699424743652e-01
-1.659973740577697754e+00
-1.970858097076416016e+00
-9.529347419738769531e-01
5.391332507133483887e-01
-8.062015533447265625e+00
-1.662628412246704102e+00
-1.397319793701171875e+00
-2.019456148147583008e+00
-1.878236532211303711e+00
-1.497963190078735352e+00
6.865974068641662598e-01
2.065635658800601959e-02
-7.757937908172607422e-01
-1.298692464828491211e+00
6.644267439842224121e-01
-7.845294475555419922e+00
-9.506825804710388184e-01
-1.517892122268676758e+00
-9.354833960533142090e-01
-1.141548395156860352e+00
-8.281850814819335938e-01
-1.031771063804626465e+00
-2.063366651535034180e+00
-1.073188781738281250e+00
-1.920574784278869629e+00
-9.195731878280639648e-01
-7.613648772239685059e-01
-1.277020692825317383e+00
-2.550860047340393066e-01
-2.329281330108642578e+00
-1.411193728446960449e+00
-9.593287110328674316e-01
-8.911603093147277832e-01
-7.512902617454528809e-01
-1.506179571151733398e+00
-1.186354041099548340e+00
-4.690240621566772461e-01
1.419572085142135620e-01
3.782680630683898926e-01
-1.682985544204711914e+00
-1.778177499771118164e+00
-1.007843971252441406e+00
-9.204789996147155762e-01
-8.673606812953948975e-02
-1.286863327026367188e+00
1.673060655593872070e-01
-9.434150457382202148e-01
-9.086027145385742188e-01
-2.989722013473510742e+00
-1.035116314888000488e+00
2.048715591430664062e+00
-1.730076193809509277e+00
-2.847794294357299805e+00
-7.451953887939453125e-01
-1.911523699760437012e+00
-1.427479028701782227e+00
-9.274511933326721191e-01
-1.038330078125000000e+00
-1.354298591613769531e+00
-1.663068175315856934e+00
-1.192180633544921875e+00
-1.099452376365661621e+00
-1.308322429656982422e+00
-1.665951967239379883e+00
-6.405088901519775391e-01
-2.166065454483032227e+00
-8.890929818153381348e-01
-6.271332502365112305e-01
-1.481594800949096680e+00
-9.950931072235107422e-01
-7.464329004287719727e-01
-8.043836355209350586e-01
-1.387081146240234375e+00
-1.171803236007690430e+00
-1.241143822669982910e+00
-1.267318725585937500e+00
-3.139858543872833252e-01
-1.552633881568908691e+00
-2.244393348693847656e+00
-6.300368905067443848e-01
-2.633090734481811523e+00
-1.159501791000366211e+00
-4.977571666240692139e-01
