-8.702658414840698242e-01
-1.342222809791564941e+00
-9.553699493408203125e-01
-5.571248531341552734e-01
-1.149511814117431641e+00
3.538055419921875000e-01
-7.731736302375793457e-01
-7.985921502113342285e-01
-1.065077662467956543e+00
-8.803928494453430176e-01
-1.603338837623596191e+00
-9.001917243003845215e-01
-1.032250404357910156e+00
-8.388051986694335938e-01
-7.177934646606445312e-01
-1.296157002449035645e+00
-8.201585412025451660e-01
-2.239899396896362305e+00
3.068620860576629639e-01
-1.302949666976928711e+00
-9.093621373176574707e-01
2.828424572944641113e-01
-1.098543286323547363e+00
-1.238587379455566406e+00
-8.347570896148681641e-01
-1.174490332603454590e+00
-1.449321866035461426e+00
-6.656723022460937500e-01
3.725893795490264893e-01
-6.536570787429809570e-01
-1.016152858734130859e+00
-6.840676069259643555e-01
-1.066588163375854492e+00
4.340491294860839844e-01
2.192514985799789429e-01
-1.429637193679809570e+00
-1.053867578506469727e+00
-6.450105309486389160e-01
-7.751818895339965820e-01
-6.310197114944458008e-01
-1.097269535064697266e+00
-8.028067946434020996e-01
-1.058964252471923828e+00
-1.046357035636901855e+00
-1.043141007423400879e+00
-4.673871397972106934e-01
-7.652783989906311035e-01
-1.165662646293640137e+00
-8.820429444313049316e-01
-1.295384645462036133e+00
1.473629474639892578e-01
-7.890550494194030762e-01
-4.607733786106109619e-01
-6.208476424217224121e-01
-9.648798108100891113e-01
-7.909376621246337891e-01
-1.340760231018066406e+00
-1.044853329658508301e+00
-5.697156786918640137e-01
-1.250360965728759766e+00
-8.180621862411499023e-01
-4.666945636272430420e-01
-1.016680240631103516e+00
-1.159181952476501465e+00
2.194792181253433228e-01
-1.390105247497558594e+00
-9.948501586914062500e-01
2.684226334095001221e-01
-4.801334142684936523e-01
-1.147356629371643066e+00
-6.689524054527282715e-01
-5.101799488067626953e+00
-1.063717007637023926e+00
-9.381900429725646973e-01
-9.987518787384033203e-01
-9.143316745758056641e-01
5.078212618827819824e-01
-1.886794686317443848e+00
-8.914193511009216309e-01
-8.545444011688232422e-01
-4.839133620262145996e-01
-9.763186573982238770e-01
-9.313780069351196289e-01
-1.106479287147521973e+00
-8.978327512741088867e-01
-8.265100121498107910e-01
4.900010824203491211e-01
-1.182821035385131836e+00
1.077823638916015625e-01
1.959226578474044800e-01
-1.028161644935607910e+00
3.203348517417907715e-01
-9.371959567070007324e-01
-8.109603524208068848e-01
-6.905288696289062500e-01
-1.186019062995910645e+00
-1.291553139686584473e+00
-1.498889207839965820e+00
-1.001465678215026855e+00
-6.266364455223083496e-01
-1.044572293758392334e-01
3.124107420444488525e-01
-1.581439137458801270e+00
-9.211223125457763672e-01
-1.222435235977172852e+00
-1.181181669235229492e+00
3.238648474216461182e-01
-1.230228066444396973e+00
-1.726363658905029297e+00
-9.576582312583923340e-01
-1.783196091651916504e+00
-4.758835434913635254e-01
-1.130110502243041992e+00
-8.656190633773803711e-01
-9.151578545570373535e-01
-4.956316947937011719e-01
-4.581910371780395508e-01
-1.036777853965759277e+00
5.116206407546997070e-01
-7.492793798446655273e-01
-7.953191995620727539e-01
-8.785461187362670898e-01
-1.228709459304809570e+00
-6.348456740379333496e-01
-1.198797345161437988e+00
-1.605631232261657715e+00
-1.616398930549621582e+00
-9.360271096229553223e-01
-3.485230803489685059e-01
-1.132463574409484863e+00
-8.357501626014709473e-01
-1.063203692436218262e+00
-1.301172137260437012e+00
-8.418375849723815918e-01
-5.764687061309814453e-01
-6.071176528930664062e-01
-5.968995094299316406e-01
-1.241338372230529785e+00
-8.829302191734313965e-01
-1.260060071945190430e+00
-7.922358512878417969e-01
-6.811521053314208984e-01
-9.607032537460327148e-01
-8.541382551193237305e-01
-1.192766904830932617e+00
-7.029000520706176758e-01
-1.020794868469238281e+00
-7.872539162635803223e-01
3.898561000823974609e-01
-1.429455518722534180e+00
-1.019161343574523926e+00
4.598590731620788574e-01
-1.948109984397888184e+00
-7.453897595405578613e-01
-1.409265160560607910e+00
-7.768629193305969238e-01
-1.005220890045166016e+00
-1.102044582366943359e+00
-1.100309371948242188e+00
6.158339232206344604e-02
-1.300662398338317871e+00
-9.024310708045959473e-01
-9.219016432762145996e-01
-9.653085470199584961e-01
-5.159928321838378906e+00
-7.269560098648071289e-01
-6.535495631396770477e-03
-4.984091520309448242e-01
-1.566046953201293945e+00
2.780809700489044189e-01
-1.192657589912414551e+00
-9.618281722068786621e-01
-9.558257460594177246e-01
-1.288187503814697266e+00
-9.221377372741699219e-01
-9.153578281402587891e-01
-1.327316045761108398e+00
-9.403103590011596680e-01
-1.269706010818481445e+00
-8.863897919654846191e-01
-1.040993928909301758e+00
2.570753693580627441e-01
-1.782858014106750488e+00
-7.901555895805358887e-01
-1.135993242263793945e+00
-7.735421657562255859e-01
-1.081841588020324707e+00
-4.662507772445678711e-01
-1.494526267051696777e+00
-6.976606249809265137e-01
6.083350181579589844e-01
-1.520281553268432617e+00
3.965213894844055176e-01
-4.142336249351501465e-01
-1.010197639465332031e+00
-8.962631225585937500e-01
5.017602443695068359e-01
-1.280891060829162598e+00
-9.393740892410278320e-01
-1.224750995635986328e+00
-1.006764173507690430e+00
-7.520876526832580566e-01
-1.214661717414855957e+00
-4.949896037578582764e-01
-5.634648203849792480e-01
-1.025602936744689941e+00
-1.177541613578796387e+00
-9.836724400520324707e-01
-1.182251930236816406e+00
-1.072917222976684570e+00
-1.066116094589233398e+00
-7.451571226119995117e-01
-1.117314338684082031e+00
2.623694539070129395e-01
-7.301908731460571289e-01
-9.975800514221191406e-01
-1.424261569976806641e+00
-6.547736525535583496e-01
-2.477155685424804688e+00
-1.159117817878723145e+00
-9.936624765396118164e-01
-1.270576953887939453e+00
5.534619092941284180e-01
-1.092512130737304688e+00
4.152393341064453125e-01
-9.820269942283630371e-01
-1.109544157981872559e+00
-5.103172779083251953e+00
-1.047585487365722656e+00
-7.996581792831420898e-01
-8.168669939041137695e-01
-1.014241099357604980e+00
-1.126989364624023438e+00
-6.764320731163024902e-01
-8.678497076034545898e-01
-1.495873570442199707e+00
-6.513991355895996094e-01
-1.012057662010192871e+00
-2.358672618865966797e-01
-8.353157043457031250e-01
-9.647665619850158691e-01
-9.703949093818664551e-01
-1.542335629463195801e+00
-9.528712034225463867e-01
4.050813987851142883e-02
-6.812475919723510742e-01
-5.917078256607055664e-01
-1.279063463211059570e+00
2.982630133628845215e-01
-1.203927993774414062e+00
-1.003292083740234375e+00
1.625565141439437866e-01
-7.341138720512390137e-01
-6.945617198944091797e-01
-5.455141663551330566e-01
-7.536952495574951172e-01
-7.904552817344665527e-01
-9.357821941375732422e-01
-8.260988593101501465e-01
-6.152259111404418945e-01
-1.359576702117919922e+00
-8.838790059089660645e-01
-1.535840392112731934e+00
-1.624409675598144531e+00
-5.332320690155029297e+00
-8.667642474174499512e-01
-1.164308190345764160e+00
-1.266048550605773926e+00
3.237390518188476562e-01
-1.993976116180419922e+00
-6.464765071868896484e-01
-7.069622278213500977e-01
-1.252581238746643066e+00
-1.674772351980209351e-01
3.797856271266937256e-01
-1.154329657554626465e+00
-3.989104270935058594e+00
-1.060025811195373535e+00
-1.319831013679504395e+00
-9.113413691520690918e-01
-1.240572929382324219e+00
-9.098611474037170410e-01
-9.407531619071960449e-01
-9.976706504821777344e-01
-6.862853169441223145e-01
-2.267563343048095703e+00
2.543093264102935791e-01
2.837453186511993408e-01
-9.487275481224060059e-01
4.430013000965118408e-01
-1.047179818153381348e+00
-6.875251531600952148e-01
-9.946505427360534668e-01
-1.394430041313171387e+00
-5.083929896354675293e-01
3.906551897525787354e-01
3.654636740684509277e-01
-9.406893849372863770e-01
3.146011233329772949e-01
1.556873917579650879e-01
-4.121967852115631104e-01
-1.625509262084960938e+00
-2.394065111875534058e-01
-8.597434759140014648e-01
-1.157260179519653320e+00
7.863285392522811890e-02
-1.212326645851135254e+00
-6.928921937942504883e-01
-4.873074531555175781e+00
-1.581069082021713257e-01
-1.138029694557189941e+00
-1.357604026794433594e+00
3.501155376434326172e-01
2.528623044490814209e-01
-9.366020560264587402e-01
-7.898372411727905273e-01
4.909585416316986084e-01
-9.457865357398986816e-01
-1.194539189338684082e+00
-1.156658768653869629e+00
