8.920944333076477051e-01
-5.172297954559326172e-01
-1.093840360641479492e+00
-1.342057228088378906e+00
-8.133831620216369629e-01
-1.071564912796020508e+00
-1.450816750526428223e+00
-8.577026724815368652e-01
5.924000263214111328e+00
-1.004644870758056641e+00
-1.128114223480224609e+00
-1.475738883018493652e+00
-1.160855770111083984e+00
-1.343335986137390137e+00
-8.189390897750854492e-01
-8.152714371681213379e-01
-1.348881721496582031e+00
-1.316879987716674805e+00
-1.007692813873291016e+00
-5.640078186988830566e-01
-9.880966544151306152e-01
-9.881784915924072266e-01
-1.094270110130310059e+00
-8.077518343925476074e-01
-9.305770993232727051e-01
-5.424308180809020996e-01
-6.640926003456115723e-01
-9.663106799125671387e-01
-1.089060902595520020e+00
9.580624103546142578e-01
-7.906499505043029785e-01
-7.170152664184570312e-01
-9.816161155700683594e+00
-1.110549807548522949e+00
-1.069731593132019043e+00
-1.057787895202636719e+00
-1.445691108703613281e+00
-6.520472764968872070e-01
-2.711484432220458984e-01
-9.156919717788696289e-01
-1.268781185150146484e+00
-1.535719275474548340e+00
-9.944003224372863770e-01
-8.685986995697021484e-01
-1.154061794281005859e+00
1.158175826072692871e+00
-1.004887223243713379e+00
-1.349169731140136719e+00
-1.356998085975646973e+00
-6.364098787307739258e-01
-1.979389071464538574e+00
6.503403186798095703e+00
-6.534751653671264648e-01
-1.086842536926269531e+00
-4.172523915767669678e-01
-8.072538375854492188e-01
-1.107568979263305664e+00
-1.190801739692687988e+00
-1.447096943855285645e+00
-9.092686176300048828e-01
-9.551952481269836426e-01
-1.156875014305114746e+00
-1.100352287292480469e+00
-9.817138910293579102e-01
-1.423900961875915527e+00
-1.240575551986694336e+00
-6.516015529632568359e-01
-5.899957418441772461e-01
-8.610303401947021484e-01
-1.522833704948425293e+00
-8.088132143020629883e-01
-8.378946781158447266e-01
-1.952982902526855469e+00
-9.693142771720886230e-01
-9.871481657028198242e-01
-1.721884012222290039e+00
-9.907647967338562012e-01
-8.548595905303955078e-01
-1.222844481468200684e+00
-1.048018574714660645e+00
-2.265755981206893921e-01
-8.609381914138793945e-01
-9.066793322563171387e-01
-7.574813961982727051e-01
-7.987902760505676270e-01
-9.781876802444458008e-01
-1.231347799301147461e+00
5.942780971527099609e-01
-1.053752422332763672e+00
-1.171363949775695801e+00
-7.998332977294921875e-01
-1.303374528884887695e+00
-1.016535162925720215e+00
-9.445669054985046387e-01
-9.914699196815490723e-01
-9.476794004440307617e-01
-9.698626995086669922e-01
-9.686853885650634766e-01
-1.047349572181701660e+00
-1.233672499656677246e+00
-9.598029255867004395e-01
-9.892406463623046875e-01
-9.092637300491333008e-01
-9.318934679031372070e-01
-1.036142706871032715e+00
-1.222162008285522461e+00
-1.371602773666381836e+00
-2.854543924331665039e-01
-1.054471015930175781e+00
-8.396309614181518555e-01
-1.039058327674865723e+00
-1.004689097404479980e+00
-1.332378745079040527e+00
-2.210214138031005859e+00
-6.451213836669921875e+00
-8.233305215835571289e-01
-7.968484759330749512e-01
-6.770389676094055176e-01
-1.421456336975097656e+00
-1.161067008972167969e+00
-1.183619379997253418e+00
-9.943147897720336914e-01
-9.444692730903625488e-01
-8.289210200309753418e-01
-8.903179168701171875e-01
-8.580751419067382812e-01
-9.056695103645324707e-01
-9.932768940925598145e-01
-2.426444768905639648e+00
-5.085213780403137207e-01
-7.840139865875244141e-01
-8.613010048866271973e-01
-8.106133341789245605e-01
1.008709192276000977e+00
-1.033256888389587402e+00
-1.129560112953186035e+00
-3.573063313961029053e-01
-1.380092740058898926e+00
-1.197856187820434570e+00
-1.308557629585266113e+00
-1.298140287399291992e+00
-9.270820021629333496e-01
-1.454066753387451172e+00
-9.995781183242797852e-01
-8.829419612884521484e-01
-7.872291207313537598e-01
-1.204535722732543945e+00
-1.027917504310607910e+00
-1.586655139923095703e+00
-9.940149784088134766e-01
-1.268771290779113770e+00
-5.845013856887817383e-01
-8.075086474418640137e-01
-1.517037749290466309e+00
-1.133644461631774902e+00
-1.111305832862854004e+00
-1.668172001838684082e+00
-1.047006249427795410e+00
-3.861382603645324707e-01
8.852547407150268555e-01
-1.270016789436340332e+00
-7.845426797866821289e-01
-7.894210815429687500e-01
-2.235150337219238281e+00
-2.058532387018203735e-01
-5.934652090072631836e-01
-7.658960819244384766e-01
-1.172706365585327148e+00
-1.440379858016967773e+00
-4.731198549270629883e-01
-1.025572061538696289e+00
-8.270106315612792969e-01
-1.234653830528259277e+00
-1.363982319831848145e+00
-8.250585198402404785e-01
-1.138192772865295410e+00
5.842631340026855469e+00
-1.814471244812011719e+00
-9.622803926467895508e-01
-1.346792459487915039e+00
-1.300339818000793457e+00
-1.050253152847290039e+00
-1.108123898506164551e+00
-1.368487477302551270e+00
-8.193379640579223633e-01
-1.049760699272155762e+00
-1.111156463623046875e+00
-9.031498432159423828e-01
-1.799429178237915039e+00
-1.331529498100280762e+00
-2.546206116676330566e-01
-1.057855963706970215e+00
-1.414884209632873535e+00
-9.861307144165039062e-01
-9.216929674148559570e-01
-2.713346779346466064e-01
-8.930289149284362793e-01
-1.001617789268493652e+00
-9.134845137596130371e-01
-5.496577620506286621e-01
-3.808970153331756592e-01
-1.719051003456115723e+00
-9.045845866203308105e-01
-6.661332249641418457e-01
-1.160567641258239746e+00
-1.311186909675598145e+00
-4.655187129974365234e-01
-6.974826455116271973e-01
-1.308000802993774414e+00
-7.634139657020568848e-01
-1.082234382629394531e+00
-6.591677069664001465e-01
-1.070031166076660156e+00
-1.043827056884765625e+00
-1.623499155044555664e+00
-1.367795467376708984e+00
-8.533125519752502441e-01
-1.295392394065856934e+00
-1.048766016960144043e+00
-8.368148803710937500e-01
-9.529235959053039551e-01
-6.881223917007446289e-01
-1.301899909973144531e+00
-7.240739464759826660e-01
-1.507721900939941406e+00
-1.030485510826110840e+00
-1.118446707725524902e+00
-1.200207829475402832e+00
-6.046267747879028320e-01
-1.029707312583923340e+00
-7.414147853851318359e-01
-8.997349739074707031e-01
-1.413702368736267090e+00
-4.795254766941070557e-01
-1.120588302612304688e+00
-1.137899994850158691e+00
-1.056019425392150879e+00
-8.122422695159912109e-01
-1.166265606880187988e+00
-9.868968725204467773e-01
-1.273423075675964355e+00
-9.833590388298034668e-01
-6.991567611694335938e-01
-9.020742177963256836e-01
-9.024312496185302734e-01
-1.872163772583007812e+00
-6.678628325462341309e-01
-1.209894895553588867e+00
-1.129738688468933105e+00
-1.229608535766601562e+00
-6.785106062889099121e-01
-1.706395268440246582e+00
-5.773341059684753418e-01
-1.017595410346984863e+00
-1.264015793800354004e+00
-8.635993003845214844e-01
-1.238304138183593750e+00
-2.074946403503417969e+00
-1.041084885597229004e+00
-1.179605603218078613e+00
-1.129393935203552246e+00
-9.594734311103820801e-01
-8.333172798156738281e-01
-1.667793840169906616e-01
-2.062153100967407227e+00
-1.038483977317810059e+00
-7.954939603805541992e-01
-2.156336545944213867e+00
-8.647797107696533203e-01
-1.238072872161865234e+00
-6.144804954528808594e-01
-3.087998926639556885e-01
-9.511841535568237305e-01
-1.153108835220336914e+00
-8.785030841827392578e-01
-1.465410709381103516e+00
-1.225163817405700684e+00
-1.284372210502624512e+00
-1.217635273933410645e+00
-1.144170284271240234e+00
-3.344371914863586426e-01
-1.343230485916137695e+00
-9.973315596580505371e-01
-1.219588875770568848e+00
-2.991128563880920410e-01
-6.748701930046081543e-01
-1.114869356155395508e+00
-4.866187870502471924e-01
-1.512881994247436523e+00
-1.031144976615905762e+00
-9.809017181396484375e-01
-1.433291435241699219e+00
-1.248062491416931152e+00
-1.016475677490234375e+00
-1.333952903747558594e+00
-5.100856423377990723e-01
-1.322641253471374512e+00
-1.194587945938110352e+00
-1.064027190208435059e+00
-8.580816984176635742e-01
-8.041489124298095703e-01
-1.027182459831237793e+00
-1.798715829849243164e+00
-1.040652155876159668e+00
-5.852293372154235840e-01
-1.024475097656250000e+00
-1.588005900382995605e+00
-1.079885482788085938e+00
-9.853115081787109375e-01
-1.158921122550964355e+00
-9.996693730354309082e-01
-8.971695303916931152e-01
-6.668944358825683594e-01
-2.797151207923889160e-01
-8.654786348342895508e-01
-1.707578659057617188e+00
-9.732190370559692383e-01
-7.935075759887695312e-01
-1.229873657226562500e+00
-7.552532106637954712e-02
