-9.327023029327392578e-01
-1.176720380783081055e+00
-1.150529623031616211e+00
-8.010969758033752441e-01
-1.338205695152282715e+00
-1.118755459785461426e+00
-9.466598033905029297e-01
-3.402606725692749023e+00
-8.437002301216125488e-01
-1.143979191780090332e+00
-1.017661929130554199e+00
-1.224302172660827637e+00
2.483785599470138550e-01
-9.320793747901916504e-01
-1.046091318130493164e+00
3.138298094272613525e-01
-1.559710860252380371e+00
-7.351819276809692383e-01
-9.853948354721069336e-01
-7.204035520553588867e-01
-1.386008501052856445e+00
1.733825355768203735e-01
-8.405188918113708496e-01
-9.230587482452392578e-01
-1.460850238800048828e+00
-1.001031398773193359e+00
-8.448396921157836914e-01
-1.047727942466735840e+00
-1.209044337272644043e+00
-6.343524456024169922e-01
-9.125580787658691406e-01
1.557100564241409302e-02
-3.461830615997314453e-01
-8.160749077796936035e-01
-1.453273653984069824e+00
-8.196895718574523926e-01
-1.790039062500000000e+00
3.846514225006103516e-01
-1.003141522407531738e+00
-1.143604993820190430e+00
-1.051035404205322266e+00
-9.490861892700195312e-01
3.974019587039947510e-01
-9.886290431022644043e-01
-1.102754697203636169e-01
-1.258406400680541992e+00
-1.338934659957885742e+00
-6.026647686958312988e-01
-9.378182888031005859e-01
3.248717784881591797e-01
-1.516337990760803223e+00
1.864456385374069214e-01
-7.700365185737609863e-01
-8.746792078018188477e-01
-1.299992442131042480e+00
-7.536961436271667480e-01
-6.536341905593872070e-01
2.229047864675521851e-01
-5.067229866981506348e-01
-1.094864130020141602e+00
4.356857538223266602e-01
-1.152045845985412598e+00
-2.672115862369537354e-01
-9.464259147644042969e-01
-3.847896337509155273e+00
1.722127050161361694e-01
-9.532850384712219238e-01
-3.469592928886413574e-01
-8.573518991470336914e-01
-4.807333052158355713e-01
-1.367436408996582031e+00
-2.340238839387893677e-01
1.534037292003631592e-01
-8.529402613639831543e-01
2.564122676849365234e-01
-1.159266710281372070e+00
-9.904534816741943359e-01
-5.440496206283569336e-01
-1.138935446739196777e+00
-1.115024566650390625e+00
-1.214257717132568359e+00
3.260108232498168945e-01
-1.158396720886230469e+00
-1.087165355682373047e+00
1.037721484899520874e-01
-1.102560758590698242e+00
-1.038476943969726562e+00
-1.459428787231445312e+00
-9.364807009696960449e-01
-9.675789475440979004e-01
-2.377450466156005859e-01
3.450987339019775391e-01
-1.415135741233825684e+00
4.716754555702209473e-01
-1.379881024360656738e+00
-1.054399013519287109e+00
-1.102703094482421875e+00
1.254787892103195190e-01
-1.540085196495056152e+00
-4.999898076057434082e-01
-7.245426774024963379e-01
-1.535338401794433594e+00
-1.024036407470703125e+00
-1.012080669403076172e+00
-1.225713729858398438e+00
-1.011265754699707031e+00
-9.011409878730773926e-01
-5.811133980751037598e-01
3.098561167716979980e-01
-9.750598669052124023e-01
-8.497571349143981934e-01
3.041330575942993164e-01
-9.540520310401916504e-01
-1.582582592964172363e+00
2.875163555145263672e-01
-1.247191309928894043e+00
-9.778273105621337891e-01
-1.327359676361083984e+00
-4.305603504180908203e-01
-9.524554014205932617e-01
-1.403452396392822266e+00
-4.606077075004577637e-01
-6.905260086059570312e-01
-1.448536634445190430e+00
-9.233002662658691406e-01
-1.204003453254699707e+00
-1.044619560241699219e+00
-3.732615232467651367e+00
-6.067549586296081543e-01
-1.604590415954589844e+00
-9.984456300735473633e-01
-7.485513687133789062e-01
4.647839963436126709e-01
-9.017262458801269531e-01
-1.145998477935791016e+00
-4.149434864521026611e-01
-1.547315716743469238e+00
-1.573405385017395020e+00
-1.650014519691467285e+00
-1.006773114204406738e+00
-1.191618204116821289e+00
-9.508136510848999023e-01
-8.834394812583923340e-01
-1.280502796173095703e+00
3.917658030986785889e-01
-1.291218519210815430e+00
-1.020020842552185059e+00
-8.734428286552429199e-01
-8.470597267150878906e-01
-1.209647297859191895e+00
-1.284666657447814941e+00
-1.854723840951919556e-01
-1.274775266647338867e+00
-3.889732658863067627e-01
-4.581320285797119141e+00
-7.302734255790710449e-01
-1.722319006919860840e+00
1.998159568756818771e-03
-2.431189060211181641e+00
-1.073913455009460449e+00
-3.717922866344451904e-01
-1.093690752983093262e+00
-9.597274065017700195e-01
5.986553430557250977e-01
-5.588911771774291992e-01
-6.049047708511352539e-01
-9.540644884109497070e-01
-9.705377221107482910e-01
-8.849601149559020996e-01
-8.242808580398559570e-01
-1.099904298782348633e+00
-2.966445684432983398e-01
-7.571206688880920410e-01
-9.787018895149230957e-01
-1.451731204986572266e+00
-1.214425802230834961e+00
-1.544713139533996582e+00
-9.821867346763610840e-01
-8.846029043197631836e-01
-1.677489995956420898e+00
-6.070488691329956055e-01
-9.553868770599365234e-01
-6.783087849617004395e-01
-9.955323338508605957e-01
-1.373823046684265137e+00
-1.122695565223693848e+00
-1.215770840644836426e+00
2.359224855899810791e-01
-7.359178066253662109e-01
-8.488677740097045898e-01
-6.689140200614929199e-01
1.798956245183944702e-01
-9.592607617378234863e-01
-1.273850798606872559e+00
-1.054505109786987305e+00
3.778384625911712646e-01
-1.074057698249816895e+00
-1.286473631858825684e+00
-8.874461054801940918e-01
-1.262858033180236816e+00
-1.127234458923339844e+00
-1.548699736595153809e+00
-9.964877367019653320e-01
-1.118472695350646973e+00
-8.146502971649169922e-01
-1.267486095428466797e+00
-1.176008224487304688e+00
4.850053489208221436e-01
-1.222773551940917969e+00
-9.595432877540588379e-01
-5.090658664703369141e+00
-1.413973093032836914e+00
-1.716807723045349121e+00
1.645742803812026978e-01
-8.253348469734191895e-01
-1.349686503410339355e+00
-7.482698559761047363e-01
-9.557392597198486328e-01
2.891134321689605713e-01
-9.861180186271667480e-01
-1.515378355979919434e+00
-1.356977224349975586e+00
-1.273277521133422852e+00
-1.192116618156433105e+00
-6.504841446876525879e-01
-9.476338028907775879e-01
-9.878022670745849609e-01
1.706482023000717163e-01
-1.065446972846984863e+00
-5.847178101539611816e-01
-9.315487742424011230e-01
-1.082889914512634277e+00
3.080726265907287598e-01
-6.201958060264587402e-01
-6.702145934104919434e-01
-1.159357786178588867e+00
-3.243103921413421631e-01
-8.739201426506042480e-01
-1.006141901016235352e+00
-1.202896833419799805e+00
-2.349656373262405396e-01
-1.387086510658264160e+00
3.356539607048034668e-01
2.116213887929916382e-01
-1.202918171882629395e+00
-1.636516213417053223e+00
4.819316864013671875e-01
-8.078507781028747559e-01
-9.694039225578308105e-01
-1.135495305061340332e+00
3.316626548767089844e-01
-9.421565532684326172e-01
-1.361645579338073730e+00
-8.941185474395751953e-01
3.619654476642608643e-01
-3.994548916816711426e-01
-1.708075642585754395e+00
-1.335401535034179688e+00
-7.471217513084411621e-01
3.083637356758117676e-01
-1.205921053886413574e+00
-6.620765924453735352e-01
-7.770982384681701660e-01
-8.080969452857971191e-01
-9.263899326324462891e-01
-1.114638328552246094e+00
-1.094298124313354492e+00
1.768095940351486206e-01
-1.061888694763183594e+00
3.501350879669189453e-01
-1.070492982864379883e+00
-7.359238862991333008e-01
-1.068295240402221680e+00
-9.095004796981811523e-01
-5.995994210243225098e-01
-1.114238381385803223e+00
-8.721758723258972168e-01
-1.043848991394042969e+00
-9.766144752502441406e-01
-8.418234586715698242e-01
-8.562099337577819824e-01
-3.483732461929321289e+00
3.502189815044403076e-01
-5.687455534934997559e-01
-1.205026865005493164e+00
-9.017884135246276855e-01
3.610164225101470947e-01
-9.952123761177062988e-01
-1.188389301300048828e+00
-1.551933526992797852e+00
-1.154803276062011719e+00
-6.760023236274719238e-01
-6.543030738830566406e-01
-2.182819128036499023e+00
-1.605896949768066406e+00
3.280121088027954102e-01
-9.575155377388000488e-01
-6.105766892433166504e-01
2.506880760192871094e-01
3.913849294185638428e-01
1.770947426557540894e-01
-2.572604715824127197e-01
-1.337509989738464355e+00
-1.694672226905822754e+00
-1.083952546119689941e+00
-1.162621259689331055e+00
-1.026021361351013184e+00
-9.323986768722534180e-01
-9.678648710250854492e-01
-1.161780238151550293e+00
2.900283038616180420e-01
-9.095362424850463867e-01
-1.163679957389831543e+00
-1.337291240692138672e+00
-1.148080348968505859e+00
-2.700850248336791992e+00
-7.115072607994079590e-01
-1.228932380676269531e+00
2.706175446510314941e-01
-4.125450134277343750e+00
