2.438905686140060425e-01
-7.669230103492736816e-01
-1.124211549758911133e+00
-9.955372810363769531e-01
-2.165892839431762695e+00
-6.161276102066040039e-01
-9.518758654594421387e-01
-1.684300422668457031e+00
-8.895317912101745605e-01
-1.121093750000000000e+00
-8.703200221061706543e-01
9.791330993175506592e-02
-7.894245982170104980e-01
-9.523996114730834961e-01
3.005340099334716797e-01
-6.700018048286437988e-01
-6.423918008804321289e-01
-8.872614502906799316e-01
-1.450739264488220215e+00
-1.238519668579101562e+00
-9.292845129966735840e-01
-8.442485928535461426e-01
-1.065827727317810059e+00
-1.455064654350280762e+00
-9.662534594535827637e-01
-1.095467209815979004e+00
-1.062302350997924805e+00
-1.988141894340515137e+00
3.981589376926422119e-01
-1.016037940979003906e+00
-9.617840647697448730e-01
-1.308225989341735840e+00
-7.976539731025695801e-01
-9.454622864723205566e-01
-8.579165339469909668e-01
-3.646790683269500732e-01
-7.973467707633972168e-01
-1.084208607673645020e+00
-6.006847620010375977e-01
-2.235128283500671387e-01
3.787730932235717773e-01
-9.360443353652954102e-01
-2.447990179061889648e+00
4.280087053775787354e-01
-9.359339475631713867e-01
-1.043048977851867676e+00
-6.213182806968688965e-01
2.231739759445190430e-01
-1.272854924201965332e+00
-1.143386483192443848e+00
-1.105292797088623047e+00
-8.695761561393737793e-01
-7.078525424003601074e-01
-8.268135786056518555e-01
-8.076063990592956543e-01
-5.776443481445312500e-01
-8.443084955215454102e-01
1.138576865196228027e-01
-1.170974373817443848e+00
-1.420416831970214844e+00
-8.543494939804077148e-01
-6.334962248802185059e-01
-1.286242246627807617e+00
4.263938069343566895e-01
-8.150722980499267578e-01
-1.385286450386047363e+00
-8.037651330232620239e-02
-1.023164868354797363e+00
-1.061109423637390137e+00
-1.278558969497680664e+00
-8.327725529670715332e-01
5.570777058601379395e-01
-1.140694379806518555e+00
-8.990446925163269043e-01
-1.148707032203674316e+00
-1.153111338615417480e+00
5.175365209579467773e-01
3.148477077484130859e-01
-4.049176275730133057e-01
-7.936938405036926270e-01
-8.963431715965270996e-01
-8.932692408561706543e-01
-6.695216298103332520e-01
3.817403614521026611e-01
-1.165572404861450195e+00
-1.370320320129394531e+00
1.594868004322052002e-01
-1.550306797027587891e+00
-5.971923470497131348e-01
-6.811078190803527832e-01
-1.266019821166992188e+00
-9.503314495086669922e-01
-9.415205121040344238e-01
-7.929025888442993164e-01
5.582238435745239258e-01
-7.504847645759582520e-01
5.275975465774536133e-01
-1.135081768035888672e+00
-1.228095054626464844e+00
-9.060795307159423828e-01
-1.277501225471496582e+00
3.883417546749114990e-01
-9.488929510116577148e-01
-1.208740472793579102e+00
-1.204933643341064453e+00
-1.097222924232482910e+00
-1.700114250183105469e+00
-1.445312619209289551e+00
-1.099642157554626465e+00
-3.985461592674255371e-01
-9.028342366218566895e-01
-5.036059379577636719e+00
-5.556442737579345703e+00
-7.858589291572570801e-01
-1.021762132644653320e+00
-1.540287733078002930e+00
-1.220020413398742676e+00
-8.263844251632690430e-01
-1.101198077201843262e+00
-1.127068996429443359e+00
-9.468033909797668457e-01
-7.802131175994873047e-01
-1.378180503845214844e+00
-7.523030042648315430e-01
4.102346897125244141e-01
-8.367279767990112305e-01
-4.023775160312652588e-01
-6.605425477027893066e-01
-1.780663013458251953e+00
-1.200670838356018066e+00
-1.163693189620971680e+00
-7.119269371032714844e-01
-4.902409613132476807e-01
-8.856472969055175781e-01
-1.235143184661865234e+00
-1.213005781173706055e+00
4.946181178092956543e-01
2.278804779052734375e-01
-1.236995816230773926e+00
-9.107642769813537598e-01
-7.712108492851257324e-01
-1.467447519302368164e+00
-1.348684310913085938e+00
-6.339547634124755859e-01
-2.181964874267578125e+00
-4.063586592674255371e-01
-7.826501876115798950e-02
-8.625606894493103027e-01
-5.772905945777893066e-01
-5.925621986389160156e-01
-8.688452839851379395e-01
-1.016384840011596680e+00
-1.183417797088623047e+00
-6.391361355781555176e-01
-9.775118827819824219e-01
-1.019052863121032715e+00
3.244260251522064209e-01
-7.533789873123168945e-01
-1.161771416664123535e+00
-5.177566528320312500e+00
-1.481245040893554688e+00
-6.440070271492004395e-01
4.025835692882537842e-01
-3.685979127883911133e+00
-1.530268549919128418e+00
-9.861661791801452637e-01
-2.010642528533935547e+00
3.471446335315704346e-01
3.079889416694641113e-01
-1.043175816535949707e+00
-9.907599091529846191e-01
-9.164710640907287598e-01
-1.150492787361145020e+00
-4.764855206012725830e-01
-1.158597826957702637e+00
-2.130676954984664917e-01
-1.261829018592834473e+00
-2.750357687473297119e-01
-7.447103857994079590e-01
-1.094495534896850586e+00
-1.119256377220153809e+00
-1.533971309661865234e+00
1.916653215885162354e-01
-1.251363635063171387e+00
-7.032608985900878906e-01
-1.129391670227050781e+00
-1.220397949218750000e+00
-1.190398216247558594e+00
-1.797017455101013184e+00
-1.093376278877258301e+00
-1.252162098884582520e+00
-8.427428007125854492e-01
2.549739837646484375e+00
-2.289423227310180664e+00
-7.683355212211608887e-01
-8.574100136756896973e-01
-1.069628477096557617e+00
-9.082129597663879395e-01
-1.351246595382690430e+00
-4.555326700210571289e-01
-8.031521439552307129e-01
2.409717798233032227e+00
-1.097788453102111816e+00
-7.503159642219543457e-01
4.266629517078399658e-01
-7.296088933944702148e-01
-9.416697025299072266e-01
-1.165166616439819336e+00
-1.392240405082702637e+00
-1.319936990737915039e+00
3.330864012241363525e-01
-9.184108376502990723e-01
-1.444146990776062012e+00
-1.140044212341308594e+00
-7.316970825195312500e-01
-4.137237071990966797e-01
-1.036162853240966797e+00
-3.221102714538574219e+00
-8.795594573020935059e-01
-1.172181844711303711e+00
2.754210531711578369e-01
2.907569408416748047e-01
4.857562184333801270e-01
-1.026564121246337891e+00
-2.424897432327270508e+00
-8.625370264053344727e-01
-7.691071033477783203e-01
-1.234121799468994141e+00
-1.265250802040100098e+00
-1.640870094299316406e+00
-1.084131121635437012e+00
-1.078018903732299805e+00
-8.818460702896118164e-01
-7.901929616928100586e-01
2.025988847017288208e-01
-1.422066688537597656e+00
-1.051298856735229492e+00
-1.347367048263549805e+00
-1.498526453971862793e+00
-1.405049085617065430e+00
-1.331753849983215332e+00
-9.079295396804809570e-01
-9.409168362617492676e-01
-7.832153439521789551e-01
-1.860666155815124512e+00
-1.692246794700622559e+00
-5.651063919067382812e-01
-1.170067429542541504e+00
-8.177490830421447754e-01
-8.655506968498229980e-01
1.774523705244064331e-01
-2.200898230075836182e-01
3.611662983894348145e-02
-1.333803534507751465e+00
-1.201054930686950684e+00
2.935763299465179443e-01
-5.839706659317016602e-01
-1.219853043556213379e+00
-5.443214416503906250e+00
-1.279702186584472656e+00
-1.174582242965698242e+00
-8.834404349327087402e-01
3.940837681293487549e-01
-4.403432011604309082e-01
-8.858146667480468750e-01
-9.775816798210144043e-01
-1.779275178909301758e+00
-5.660910606384277344e-01
-8.174918889999389648e-01
-1.640323847532272339e-01
3.113361299037933350e-01
-5.410758852958679199e-01
-9.229398965835571289e-01
-9.903300404548645020e-01
-1.062794566154479980e+00
3.132021427154541016e-01
6.037913560867309570e-01
-7.704830765724182129e-01
-1.142742276191711426e+00
-1.093281745910644531e+00
-1.312050819396972656e+00
2.848454117774963379e-01
-9.840814471244812012e-01
-9.162921309471130371e-01
-1.236415505409240723e+00
9.245892614126205444e-02
-7.634370923042297363e-01
-1.069408297538757324e+00
-1.080081462860107422e+00
-1.336959481239318848e+00
-7.260330319404602051e-01
-9.344251751899719238e-01
-1.237976074218750000e+00
-1.132874131202697754e+00
-1.663515448570251465e+00
-9.026264548301696777e-01
-1.413242459297180176e+00
-1.000377655029296875e+00
-9.230987429618835449e-01
-1.051356434822082520e+00
-4.510798931121826172e+00
-5.717110037803649902e-01
-1.622064471244812012e+00
-1.230457425117492676e+00
-1.391268014907836914e+00
1.126540780067443848e+00
-8.611839413642883301e-01
-1.486562252044677734e+00
-1.244302272796630859e+00
2.175671607255935669e-01
-7.071154713630676270e-01
-5.104784965515136719e-01
-1.408299446105957031e+00
4.798099994659423828e-01
-6.082211732864379883e-01
3.756603002548217773e-01
-8.295264244079589844e-01
-7.941656112670898438e-01
-9.902276396751403809e-01
-7.129985094070434570e-01
