1.292909681797027588e-01
-2.554955184459686279e-01
5.701634287834167480e-01
3.149134218692779541e-01
-1.048248559236526489e-01
-3.288904577493667603e-02
-1.453162133693695068e-01
1.775960028171539307e-01
6.398079451173543930e-03
6.821685284376144409e-02
1.021078303456306458e-01
-2.023543044924736023e-02
2.633284032344818115e-01
-1.351890247315168381e-02
1.559881679713726044e-02
-7.645925134420394897e-02
-2.558284103870391846e-01
-2.684080600738525391e-01
-2.606407366693019867e-02
-4.363439977169036865e-02
9.123524278402328491e-02
-9.048203378915786743e-02
4.579133167862892151e-02
-1.039030030369758606e-01
-1.233535930514335632e-01
-3.464721143245697021e-02
-8.855107426643371582e-02
-1.151148155331611633e-01
-1.043736636638641357e-01
1.895168721675872803e-01
-1.060692295432090759e-01
-5.648706108331680298e-02
-3.826043009757995605e-01
4.988644421100616455e-01
1.283717602491378784e-01
-1.094208583235740662e-01
2.672798633575439453e-01
9.901811182498931885e-02
-8.067242801189422607e-03
-2.264173328876495361e-02
-2.465195767581462860e-02
8.152952790260314941e-02
1.072566658258438110e-01
8.064151555299758911e-02
5.738713592290878296e-02
2.400554530322551727e-02
2.121904790401458740e-01
3.127600252628326416e-02
3.502545878291130066e-02
-8.295157551765441895e-02
-4.435779526829719543e-02
-1.295037269592285156e-01
1.073511913418769836e-01
2.081330493092536926e-02
1.699864268302917480e-01
-9.220453500747680664e-01
-1.048607081174850464e-01
-1.043806225061416626e-01
-9.747234731912612915e-02
-4.302288591861724854e-02
-4.144123196601867676e-02
4.594088718295097351e-02
-1.340696662664413452e-01
-4.617206752300262451e-01
-2.471288591623306274e-01
-1.084083244204521179e-01
-8.674805983901023865e-03
1.409353464841842651e-01
-1.417198777198791504e-01
-2.460507601499557495e-01
-5.991425514221191406e-01
-1.377299278974533081e-01
1.425056811422109604e-02
-2.888050675392150879e-02
4.312369599938392639e-02
-2.747389972209930420e-01
5.340251140296459198e-03
4.586420487612485886e-03
1.167947724461555481e-01
-3.181885927915573120e-02
9.333980269730091095e-03
1.206443831324577332e-01
5.920952185988426208e-02
-9.175397455692291260e-03
3.569351732730865479e-01
1.923038363456726074e-01
2.205861061811447144e-01
-3.141502663493156433e-02
1.639445424079895020e-01
2.040749788284301758e-01
2.078444808721542358e-01
-5.133571848273277283e-02
1.074313372373580933e-01
-2.272699214518070221e-02
1.121962890028953552e-01
1.345655322074890137e+00
-8.228119462728500366e-02
-1.250509023666381836e-01
-1.206459328532218933e-01
1.976420171558856964e-02
-8.275474607944488525e-02
1.016309261322021484e-01
-5.070033948868513107e-03
9.535360932350158691e-01
-7.819263637065887451e-02
1.238837465643882751e-01
7.765494287014007568e-02
-4.243233799934387207e-02
8.608446270227432251e-02
-1.456844657659530640e-01
-5.162786245346069336e-01
-1.708250790834426880e-01
-5.585083737969398499e-02
2.300628833472728729e-02
2.345896355109289289e-04
1.914240270853042603e-01
1.433418244123458862e-01
-3.339546322822570801e-01
9.534347057342529297e-01
-4.166041612625122070e-01
-8.071379065513610840e-01
-9.273906052112579346e-02
7.330010831356048584e-02
8.116433396935462952e-03
-4.917772114276885986e-02
2.928481204435229301e-03
-4.897213578224182129e-01
3.849347680807113647e-02
-1.702075839042663574e+00
-5.553970113396644592e-02
1.849113106727600098e-01
-2.595904767513275146e-01
3.361235558986663818e-02
9.457310289144515991e-02
-3.382361307740211487e-02
2.268567681312561035e-01
2.396295815706253052e-01
-1.334587484598159790e-01
2.972528338432312012e-02
-1.127973347902297974e-01
-1.831451803445816040e-01
-1.065956950187683105e-01
-1.098566204309463501e-01
-1.178952455520629883e-01
1.542738173156976700e-02
-1.284332424402236938e-01
-1.351035684347152710e-01
3.338322415947914124e-02
-1.251289099454879761e-01
2.664143145084381104e-01
5.745404213666915894e-02
-1.346569657325744629e-01
3.767297370359301567e-03
-5.970712285488843918e-03
2.737063467502593994e-01
1.493016332387924194e-01
-4.599767923355102539e-01
-3.312270343303680420e-02
1.842197775840759277e-02
2.136681973934173584e-02
-1.462401915341615677e-02
2.313766814768314362e-02
-5.014631897211074829e-02
1.364245414733886719e+00
1.701296716928482056e-01
-1.243246532976627350e-02
-8.736750483512878418e-01
1.212237477302551270e-01
-2.114160358905792236e-02
-1.568950563669204712e-01
4.110679030418395996e-02
-3.053966350853443146e-02
5.670688301324844360e-02
-1.197825446724891663e-01
-3.282663878053426743e-03
-5.409779027104377747e-02
-2.182908356189727783e-03
-3.707840666174888611e-02
2.197574451565742493e-02
-2.098964601755142212e-01
-1.476272493600845337e-01
7.611211389303207397e-02
-1.298317462205886841e-01
-4.465328529477119446e-03
9.726256132125854492e-02
-2.555619738996028900e-02
-1.860417425632476807e-01
-1.684746332466602325e-02
9.667757898569107056e-03
-2.477757036685943604e-01
-5.769901350140571594e-02
5.252799391746520996e-01
5.437737703323364258e-02
-9.681586921215057373e-02
-3.416388481855392456e-02
-5.090947151184082031e-01
-4.528135992586612701e-03
-3.273968584835529327e-03
-1.947279437445104122e-03
-1.118462756276130676e-01
-2.600701525807380676e-03
-5.333464592695236206e-02
-1.162595450878143311e-01
-9.108937531709671021e-02
-6.871413439512252808e-02
7.212216500192880630e-03
6.208847463130950928e-02
-1.867518872022628784e-01
-3.850258886814117432e-02
7.762377709150314331e-02
-6.716221105307340622e-04
5.835749953985214233e-02
8.889158256351947784e-03
-6.811864674091339111e-02
4.405244439840316772e-02
2.344827167689800262e-03
3.220995515584945679e-02
-6.579257547855377197e-02
1.061623543500900269e-01
-2.171029150485992432e-02
1.482156217098236084e-01
1.108284667134284973e-02
3.144293650984764099e-02
2.090490311384201050e-01
1.127340923994779587e-02
8.089999109506607056e-02
1.807744354009628296e-01
2.499645054340362549e-01
-4.013561177998781204e-03
8.482637815177440643e-03
-1.105188876390457153e-01
9.986181743443012238e-03
1.441344320774078369e-01
6.616972386837005615e-02
-1.122724711894989014e-01
4.224980771541595459e-01
3.119585812091827393e-01
1.025053024291992188e+00
-3.221907094120979309e-02
1.535389386117458344e-02
1.563654243946075439e-01
7.400176953524351120e-03
2.622599713504314423e-02
4.450528323650360107e-02
-5.727657079696655273e-01
7.532032728195190430e-01
-2.241691946983337402e-02
9.062540531158447266e-02
1.711467355489730835e-01
1.315756738185882568e-01
3.113069236278533936e-01
5.545250698924064636e-02
-5.625736434012651443e-03
1.790086179971694946e-01
4.822840690612792969e-01
-2.044826298952102661e-01
-5.354412794113159180e-01
1.404364034533500671e-02
4.326099753379821777e-01
1.957834064960479736e-01
-1.745884120464324951e-01
-1.018335223197937012e-01
-2.924846410751342773e-01
-2.998962104320526123e-01
-1.583372205495834351e-01
-3.068114072084426880e-02
-6.294184923171997070e-02
-2.044461816549301147e-01
-3.554465994238853455e-02
-9.501995146274566650e-02
1.160769939422607422e+00
-6.035012602806091309e-01
-1.014728397130966187e-01
-1.364659368991851807e-01
6.319453567266464233e-02
-1.699759513139724731e-01
-3.666724311187863350e-03
-1.962042599916458130e-02
1.655122488737106323e-01
-1.069378405809402466e-01
4.867371544241905212e-02
-5.018410831689834595e-02
-2.178522571921348572e-02
-2.678078226745128632e-02
9.959504753351211548e-02
1.040354609489440918e+00
-1.426427960395812988e-01
1.457212567329406738e-01
2.343851886689662933e-02
6.206430867314338684e-02
1.922454386949539185e-01
-9.238767623901367188e-02
-3.043930232524871826e-01
-2.203350514173507690e-01
-1.724259853363037109e-01
-2.870865762233734131e-01
8.326170034706592560e-03
-1.344964653253555298e-01
-5.749319680035114288e-03
-1.612745672464370728e-01
1.553529798984527588e-01
-1.114215254783630371e-01
2.735880389809608459e-02
2.283032750710844994e-03
-2.998221293091773987e-02
-3.055762052536010742e-01
-6.071084737777709961e-01
-3.977321833372116089e-02
1.259729564189910889e-01
-2.935051359236240387e-02
-2.490352839231491089e-01
-2.888703718781471252e-02
-2.297978661954402924e-02
-1.418856829404830933e-01
4.917011782526969910e-02
-6.025786977261304855e-03
3.497076779603958130e-02
-7.751692533493041992e-01
1.233116164803504944e-01
1.564595699310302734e-01
