-7.252059578895568848e-01
-1.475529193878173828e+00
-8.657257556915283203e-01
-7.868490815162658691e-01
-1.160030126571655273e+00
-1.198126792907714844e+00
-8.041628003120422363e-01
-8.895885348320007324e-01
-4.988314807415008545e-01
-4.439398646354675293e-01
1.328767091035842896e-01
-7.459985017776489258e-01
-7.474421858787536621e-01
-1.138513922691345215e+00
-7.720633506774902344e+00
-1.453410863876342773e+00
-1.012683749198913574e+00
-5.011232495307922363e-01
5.011656880378723145e-01
-1.396384954452514648e+00
-9.177676439285278320e-01
-8.166479468345642090e-01
-1.678998947143554688e+00
-5.965773463249206543e-01
-2.268336772918701172e+00
-7.789660096168518066e-01
-1.324610352516174316e+00
-7.224307060241699219e-01
-1.228801727294921875e+00
-1.432191729545593262e+00
-6.061514019966125488e-01
-1.241343975067138672e+00
-5.332232713699340820e-01
-6.196295022964477539e-01
-1.231493830680847168e+00
-8.475565314292907715e-01
-9.467035531997680664e-01
-1.456980109214782715e+00
-7.248578071594238281e-01
-7.329166531562805176e-01
-1.526970505714416504e+00
-7.215361595153808594e-01
-1.564763426780700684e+00
-1.507493019104003906e+00
-1.037331938743591309e+00
-9.681566953659057617e-01
-7.863153219223022461e-01
-1.318938732147216797e+00
-9.751209020614624023e-01
1.736636832356452942e-02
-1.140990614891052246e+00
-1.389773964881896973e+00
-1.015087366104125977e+00
-1.254454851150512695e+00
-1.168208003044128418e+00
-1.086682319641113281e+00
-1.847936272621154785e+00
-8.595795631408691406e-01
-5.985612869262695312e-01
-9.656226634979248047e-01
-1.438024640083312988e+00
-9.633709192276000977e-01
-1.915122270584106445e+00
-1.125731587409973145e+00
-8.267801403999328613e-01
-1.120162725448608398e+00
7.355116605758666992e-01
-8.421354889869689941e-01
-7.409603595733642578e-01
-2.776604890823364258e-01
-1.586205482482910156e+00
-7.061493396759033203e-01
-9.904854893684387207e-01
-8.322643280029296875e+00
-1.026595473289489746e+00
-9.365935325622558594e-01
-5.786871314048767090e-01
-1.593918323516845703e+00
-7.658963203430175781e-01
-9.952988624572753906e-01
-1.633713960647583008e+00
-1.153432607650756836e+00
-8.901227712631225586e-01
-1.527404189109802246e+00
-7.074653357267379761e-02
-6.935018301010131836e-01
-1.365505456924438477e+00
5.143123865127563477e-01
-1.541201114654541016e+00
1.741579532623291016e+00
-1.128772020339965820e+00
-1.599986195564270020e+00
-1.072169542312622070e+00
-6.915709376335144043e-01
-1.654417753219604492e+00
-6.918082833290100098e-01
-1.165022253990173340e+00
-5.390772819519042969e-01
-6.153411269187927246e-01
-7.810897231101989746e-01
-8.883144855499267578e-01
3.392986297607421875e+00
-3.814390301704406738e-01
-8.339930176734924316e-01
-1.213968634605407715e+00
1.898957490921020508e+00
-9.872720241546630859e-01
-4.236804544925689697e-01
-1.813228130340576172e+00
-1.191728115081787109e+00
-1.772567152976989746e+00
-4.384167194366455078e-01
9.543541073799133301e-02
-1.131460666656494141e+00
-1.729136705398559570e+00
-1.339853763580322266e+00
-4.608889520168304443e-01
-5.806570649147033691e-01
-1.076956868171691895e+00
-1.519506692886352539e+00
7.483645528554916382e-02
-8.947856426239013672e-01
-2.472375869750976562e+00
-1.025370836257934570e+00
-3.476320803165435791e-01
-1.306021451950073242e+00
-1.166049391031265259e-01
1.830151677131652832e-01
-8.373205661773681641e-01
-2.223702907562255859e+00
-8.396173477172851562e+00
-9.708275794982910156e-01
-1.282942056655883789e+00
-7.161456346511840820e-01
-1.381496429443359375e+00
-1.098428130149841309e+00
-1.516082882881164551e+00
-4.238261878490447998e-01
-9.887842535972595215e-01
-7.666990756988525391e-01
-1.073251962661743164e+00
-2.442190647125244141e+00
-9.202699661254882812e-01
-7.563003301620483398e-01
-1.056277275085449219e+00
-1.336531519889831543e+00
-8.761854171752929688e-01
-1.049686193466186523e+00
-3.318656980991363525e-01
-1.555877685546875000e+00
-1.107560276985168457e+00
-1.083348035812377930e+00
-8.229811787605285645e-01
-1.819952249526977539e+00
2.709887623786926270e-01
-1.811503171920776367e+00
-7.960928678512573242e-01
-9.961217641830444336e-01
-1.116380572319030762e+00
-1.314724326133728027e+00
-7.131780385971069336e-01
-1.269741296768188477e+00
-5.449832677841186523e-01
-6.184912919998168945e-01
-1.048641920089721680e+00
-8.778345584869384766e-01
-6.968046426773071289e-01
3.234401643276214600e-01
-1.095259428024291992e+00
-1.006798148155212402e+00
-7.904732227325439453e-01
-1.025108218193054199e+00
-1.828236222267150879e+00
-1.077042460441589355e+00
-4.395877420902252197e-01
-7.305149435997009277e-01
-1.612076878547668457e+00
-3.369341790676116943e-01
-7.602641582489013672e-01
-6.856977343559265137e-01
-8.641960620880126953e-01
-8.722658753395080566e-01
-6.948765516281127930e-01
5.089404433965682983e-02
-9.768801927566528320e-01
-1.004364371299743652e+00
-1.059477090835571289e+00
-3.576309978961944580e-01
-7.478492856025695801e-01
-1.014542579650878906e+00
-4.985793828964233398e-01
-1.600499391555786133e+00
-1.703948736190795898e+00
-7.041066884994506836e-01
-1.574012875556945801e+00
-5.318562313914299011e-02
-8.884149193763732910e-01
-5.270687341690063477e-01
-5.746484398841857910e-01
-7.729054093360900879e-01
-5.678789615631103516e-01
-5.157755017280578613e-01
-1.308058857917785645e+00
-9.787786602973937988e-01
-1.073652386665344238e+00
-1.027648568153381348e+00
-1.062633275985717773e+00
-7.169002294540405273e-01
-1.255272507667541504e+00
-2.058611631393432617e+00
-2.052361249923706055e+00
-1.046334743499755859e+00
-1.532738924026489258e+00
-1.355313658714294434e+00
-1.152820467948913574e+00
-8.555396199226379395e-01
-6.738424897193908691e-01
-6.894802451133728027e-01
-1.325435400009155273e+00
-1.001349836587905884e-01
-7.948504090309143066e-01
-6.214889287948608398e-01
-1.932045698165893555e+00
-1.133980154991149902e+00
-1.585112094879150391e+00
-1.345323324203491211e+00
-1.677163541316986084e-01
1.993036150932312012e+00
-1.210787415504455566e+00
-1.227479457855224609e+00
-1.014429807662963867e+00
-8.655774593353271484e-01
2.325973212718963623e-01
4.541815817356109619e-01
-8.903260827064514160e-01
-1.009026646614074707e+00
-6.551311612129211426e-01
5.594354867935180664e-01
-1.835886240005493164e+00
-1.239334225654602051e+00
-9.164818525314331055e-01
-7.891929149627685547e-01
-6.980314254760742188e-01
-1.236459374427795410e+00
-5.974320769309997559e-01
-1.694279074668884277e+00
-4.513088241219520569e-02
-1.584112882614135742e+00
-5.107653737068176270e-01
-7.025102972984313965e-01
-1.343681573867797852e+00
-1.253292798995971680e+00
-8.610070943832397461e-01
-1.069106101989746094e+00
-6.985496282577514648e-01
-6.902255415916442871e-01
-1.797247081995010376e-01
-9.126593470573425293e-01
-7.843583822250366211e-01
-8.427676558494567871e-01
-5.042182803153991699e-01
-1.299369215965270996e+00
-6.748062372207641602e-01
-9.075692892074584961e-01
-1.211957097053527832e+00
-1.219705104827880859e+00
-9.448767304420471191e-01
-8.971566557884216309e-01
-7.548117637634277344e+00
-1.253776431083679199e+00
-1.207389354705810547e+00
-9.912478923797607422e-01
1.934221573173999786e-02
-5.029045343399047852e-01
-9.725863933563232422e-01
-9.521149396896362305e-01
-1.197628736495971680e+00
-1.313326954841613770e+00
-2.878910779953002930e+00
-1.485132455825805664e+00
-9.061857461929321289e-01
-1.312655806541442871e+00
-2.738281726837158203e+00
-1.171509325504302979e-01
-5.797260999679565430e-01
-1.261699199676513672e+00
1.967945814132690430e+00
-2.288960218429565430e-01
-8.147612571716308594e+00
-1.103945016860961914e+00
-2.005968332290649414e+00
-1.320203423500061035e+00
-6.834140419960021973e-01
-9.196109771728515625e-01
-1.335764646530151367e+00
-1.351620554924011230e+00
-6.808337569236755371e-01
-7.308138012886047363e-01
-7.893525362014770508e-01
-9.076603651046752930e-01
6.704446673393249512e-01
-1.112910151481628418e+00
-1.751371741294860840e+00
-8.984744548797607422e-01
-6.185801625251770020e-01
-4.942559599876403809e-01
6.211553215980529785e-01
-5.246940851211547852e-01
-5.956396460533142090e-01
-1.435796618461608887e+00
-8.059539198875427246e-01
-1.218664288520812988e+00
-9.622499942779541016e-01
-1.337056756019592285e+00
-1.466696619987487793e+00
1.982045620679855347e-01
4.841380417346954346e-01
-9.289586544036865234e-01
-1.647613406181335449e+00
-1.427271246910095215e+00
