-6.623935699462890625e-01
-1.641495585441589355e+00
-1.695621609687805176e+00
-1.378498315811157227e+00
-1.549834728240966797e+00
-1.395763158798217773e+00
-4.959216117858886719e-01
-1.567940711975097656e+00
-5.288273692131042480e-01
-1.690155267715454102e+00
-1.792334437370300293e+00
-1.330650925636291504e+00
-1.142756462097167969e+00
-8.822309970855712891e-01
-1.084726333618164062e+00
-1.897755980491638184e+00
-1.153868436813354492e+00
4.039160311222076416e-01
-1.123834013938903809e+00
-1.360792875289916992e+00
-9.910231232643127441e-01
-2.098395228385925293e-01
-9.197906851768493652e-01
1.616117917001247406e-02
2.116292715072631836e-01
-8.613803386688232422e-01
-6.806344032287597656e+00
-1.609197735786437988e+00
2.722241580486297607e-01
-6.502733230590820312e-01
-8.785892724990844727e-01
-6.230804920196533203e-01
-1.846025466918945312e+00
-9.722034931182861328e-01
-1.692051887512207031e+00
-1.544698834419250488e+00
-1.025258302688598633e+00
-1.043349862098693848e+00
-8.692755699157714844e-01
-9.943366646766662598e-01
-1.105488419532775879e+00
-1.592190742492675781e+00
-6.163311600685119629e-01
-1.217172622680664062e+00
-2.058663129806518555e+00
-1.146587729454040527e+00
-1.385338306427001953e+00
4.522513449192047119e-01
-2.008887529373168945e+00
3.442882895469665527e-01
-1.392575740814208984e+00
-1.671843290328979492e+00
-1.452413082122802734e+00
3.351041555404663086e+00
-1.482253432273864746e+00
-6.623039245605468750e-01
-6.420588493347167969e+00
-1.301397919654846191e+00
-1.297582507133483887e+00
-6.679448485374450684e-01
-1.757156729698181152e+00
-1.337344408035278320e+00
-6.532124876976013184e-01
7.047453522682189941e-02
-1.251560211181640625e+00
-5.303422212600708008e-01
-1.116318345069885254e+00
-7.929750442504882812e+00
-2.517087936401367188e+00
-1.394932627677917480e+00
-9.012096524238586426e-01
-5.827272534370422363e-01
-1.334097981452941895e+00
-1.230078339576721191e+00
-5.587454438209533691e-01
-1.368563532829284668e+00
-1.397848010063171387e+00
-1.130174994468688965e+00
3.421998620033264160e-01
-1.352084755897521973e+00
-1.395601272583007812e+00
-1.106297731399536133e+00
-6.733326435089111328e+00
-1.375914931297302246e+00
2.796553075313568115e-01
-1.289942145347595215e+00
-2.151699304580688477e+00
-1.121242165565490723e+00
-1.250960946083068848e+00
-9.770799875259399414e-01
1.933636516332626343e-01
-1.649962902069091797e+00
-1.283195137977600098e+00
-9.489117860794067383e-01
-1.978097200393676758e+00
-5.666091918945312500e+00
-8.294771313667297363e-01
-1.154423117637634277e+00
-1.819707512855529785e+00
3.243967890739440918e-01
-1.404621362686157227e+00
-1.696143984794616699e+00
-1.631824374198913574e+00
-4.313493371009826660e-01
-1.038060426712036133e+00
-1.315050601959228516e+00
-2.395273447036743164e+00
-7.378066778182983398e-01
-2.186720371246337891e+00
-8.974990248680114746e-01
-9.180147051811218262e-01
-1.072672367095947266e+00
-7.858622670173645020e-01
-1.158601403236389160e+00
-1.256596684455871582e+00
-1.506638646125793457e+00
-1.331490516662597656e+00
-1.829306125640869141e+00
-1.020938754081726074e+00
-1.578856557607650757e-01
-9.266566634178161621e-01
-8.501049280166625977e-01
-1.442490816116333008e+00
-5.534583330154418945e-01
3.165539503097534180e-01
-1.313605666160583496e+00
-3.767534971237182617e+00
-7.809469103813171387e-01
-1.241767048835754395e+00
-6.981570720672607422e-01
-1.570924878120422363e+00
-6.877320408821105957e-01
-1.594440460205078125e+00
-1.718432068824768066e+00
-1.210453271865844727e+00
-1.338719844818115234e+00
-6.053500771522521973e-01
-1.236470341682434082e+00
-1.365725159645080566e+00
-9.210088849067687988e-01
-3.070610463619232178e-01
-1.330722451210021973e+00
-7.033063173294067383e-01
-9.481179118156433105e-01
-1.612865447998046875e+00
-1.789795160293579102e+00
-1.295650005340576172e+00
-1.526349484920501709e-01
-1.240522861480712891e+00
-1.714302182197570801e+00
-1.065513134002685547e+00
-1.537628173828125000e+00
2.459691017866134644e-01
-7.944749593734741211e-01
-1.478621125221252441e+00
-4.664984226226806641e+00
-7.383829951286315918e-01
-1.631366729736328125e+00
-8.181130886077880859e-01
-7.690746784210205078e-01
-1.179866313934326172e+00
-8.572583794593811035e-01
-2.556257009506225586e+00
-1.314175963401794434e+00
-7.924970388412475586e-01
-1.052860736846923828e+00
5.595917701721191406e-01
-9.247078299522399902e-01
-7.953553795814514160e-01
-1.401187777519226074e+00
-1.443738460540771484e+00
-1.114896655082702637e+00
-8.745144009590148926e-01
-5.978582501411437988e-01
-2.278421163558959961e+00
-1.128115773200988770e+00
-1.994955390691757202e-01
2.911838889122009277e-01
2.255238294601440430e-01
-8.253240585327148438e-01
-1.081913590431213379e+00
-1.278493642807006836e+00
4.568880200386047363e-01
-8.162451982498168945e-01
-8.065565824508666992e-01
-1.203408360481262207e+00
-4.579086601734161377e-01
-3.089501857757568359e-01
-7.628141045570373535e-01
-1.315847516059875488e+00
-1.721263051033020020e+00
4.560745358467102051e-01
-7.783514261245727539e-01
-1.066290378570556641e+00
-6.785755157470703125e-01
-3.746598958969116211e-01
-2.467887639999389648e+00
-1.066537618637084961e+00
-8.200688958168029785e-01
-1.091219902038574219e+00
-1.086620211601257324e+00
-1.747191667556762695e+00
3.547240793704986572e-01
-7.472035884857177734e-01
-1.485322862863540649e-01
-9.920057058334350586e-01
-2.149339199066162109e+00
-1.810451269149780273e+00
-1.209758639335632324e+00
-1.300944685935974121e+00
-1.021779179573059082e+00
-6.077400445938110352e-01
-9.322997331619262695e-01
-1.520585060119628906e+00
-1.133071064949035645e+00
-1.189187169075012207e+00
-1.803683519363403320e+00
-1.271188735961914062e+00
-1.150701642036437988e+00
-1.894780755043029785e+00
-1.440750718116760254e+00
-8.713976740837097168e-01
-2.044687747955322266e+00
-1.449669241905212402e+00
-1.036299705505371094e+00
-5.751103758811950684e-01
-6.791908144950866699e-01
-1.788334369659423828e+00
-2.156502008438110352e+00
-2.707197368144989014e-01
-1.764022111892700195e+00
2.999189794063568115e-01
-1.319618225097656250e+00
-1.350181818008422852e+00
-3.398102149367332458e-02
-1.672983169555664062e+00
-1.031683087348937988e+00
-4.898194789886474609e+00
2.942802309989929199e-01
-5.814554691314697266e-01
-1.123968124389648438e+00
-6.377771377563476562e+00
-1.594133019447326660e+00
-1.654095411300659180e+00
-8.664753437042236328e-01
-8.279277682304382324e-01
-2.396271228790283203e+00
-9.789704084396362305e-01
-1.048037648200988770e+00
-9.546723961830139160e-01
-1.298811435699462891e+00
-1.646410226821899414e+00
-7.975627779960632324e-01
-1.091310024261474609e+00
-1.366070866584777832e+00
-7.066907286643981934e-01
1.931589961051940918e+00
-1.248061180114746094e+00
-8.044255375862121582e-01
-1.219201087951660156e+00
-2.049316406250000000e+00
-1.008434295654296875e+00
-1.359897613525390625e+00
-2.066397517919540405e-01
-1.501263022422790527e+00
-2.082704067230224609e+00
-8.533761501312255859e-01
3.886561691761016846e-01
-1.283653259277343750e+00
-1.759936332702636719e+00
-1.185413122177124023e+00
1.488607376813888550e-01
-6.721007227897644043e-01
-8.428141474723815918e-01
-7.123656868934631348e-01
5.649154186248779297e-01
-1.160766482353210449e+00
-1.100151419639587402e+00
-1.525783777236938477e+00
3.886426687240600586e-01
-1.154573559761047363e+00
-1.646865129470825195e+00
-1.306122660636901855e+00
-3.940053284168243408e-01
-7.935806512832641602e-01
-1.816095113754272461e+00
-1.271361947059631348e+00
-1.144184231758117676e+00
1.830585151910781860e-01
-1.719903826713562012e+00
-7.957347631454467773e-01
4.621962904930114746e-01
-1.687375903129577637e+00
-1.266803026199340820e+00
-1.717370033264160156e+00
-9.280045628547668457e-01
-1.251380443572998047e+00
-9.081034660339355469e-01
-4.883033931255340576e-01
-3.888614475727081299e-01
-1.801372766494750977e+00
-8.294826149940490723e-01
-9.811199307441711426e-01
-7.670120596885681152e-01
-1.513842463493347168e+00
-1.016671776771545410e+00
-1.539392471313476562e+00
1.552183479070663452e-01
-1.281940221786499023e+00
-1.153271317481994629e+00
-1.863413095474243164e+00
-9.484593868255615234e-01
-1.388265132904052734e+00
-1.586583852767944336e+00
-5.682787299156188965e-01
3.131388723850250244e-01
-1.221343636512756348e+00
-1.839426040649414062e+00
-6.637927293777465820e-01
-9.015684723854064941e-01
