-1.608015418052673340e+00
2.680774927139282227e-01
8.651100993156433105e-01
-1.558617472648620605e+00
-1.017728447914123535e+00
-1.013378500938415527e+00
-1.176342725753784180e+00
-1.062780022621154785e+00
-1.073348164558410645e+00
-1.312569379806518555e+00
-8.758707046508789062e-01
-9.354707598686218262e-01
-7.607950568199157715e-01
-6.324907541275024414e-01
-1.307942271232604980e+00
-9.341570138931274414e-01
-4.974694848060607910e-01
-7.535182237625122070e-01
-1.463445782661437988e+00
-1.280803680419921875e+00
-1.552648186683654785e+00
-9.350290298461914062e-01
-7.425310015678405762e-01
-8.664175271987915039e-01
2.354526370763778687e-01
-1.247859239578247070e+00
-1.078590989112854004e+00
-1.068692922592163086e+00
-1.368889689445495605e+00
-4.392711818218231201e-01
-3.944861173629760742e+00
-8.825816512107849121e-01
-1.347602725028991699e+00
-5.667613744735717773e-01
9.319475293159484863e-02
-1.317299365997314453e+00
3.617253899574279785e-01
-1.464440941810607910e+00
-1.028065085411071777e+00
1.769308298826217651e-01
-1.489535450935363770e+00
-9.027822017669677734e-01
-5.234066843986511230e-01
-1.112960934638977051e+00
-3.201458215713500977e+00
-8.710415363311767578e-01
-8.481518030166625977e-01
-3.360443413257598877e-01
-9.357148408889770508e-01
-6.942192912101745605e-01
-7.173452377319335938e-01
-1.053206324577331543e+00
-1.435528397560119629e+00
7.572403643280267715e-03
3.073960304260253906e+00
-8.924745917320251465e-01
-6.234579682350158691e-01
-9.089488983154296875e-01
-8.700656890869140625e-01
-1.103510499000549316e+00
-1.086373686790466309e+00
4.194175302982330322e-01
2.412750720977783203e-01
3.363942801952362061e-01
-6.742069125175476074e-01
5.533237457275390625e-01
-8.593471050262451172e-01
-9.707401394844055176e-01
-1.228779315948486328e+00
-6.320719718933105469e-01
-1.008010506629943848e+00
-2.653099894523620605e-01
-1.497133728116750717e-02
-1.039466977119445801e+00
-7.977593541145324707e-01
-4.807112514972686768e-01
-8.121346831321716309e-01
-1.120754599571228027e+00
9.903389215469360352e-02
-1.136085271835327148e+00
3.261727094650268555e-01
-6.977050304412841797e-01
-1.047332406044006348e+00
1.937135905027389526e-01
-8.782174587249755859e-01
-1.351483583450317383e+00
-1.514996737241744995e-01
-1.300361752510070801e+00
-6.702903509140014648e-01
-9.218970537185668945e-01
-1.406506538391113281e+00
5.520219206809997559e-01
-4.659778177738189697e-01
-2.111485004425048828e-01
-1.160301446914672852e+00
2.081924229860305786e-01
-9.533542394638061523e-01
1.355962827801704407e-02
-7.334654331207275391e-01
-1.236293315887451172e+00
-9.556031823158264160e-01
4.105668365955352783e-01
3.796558976173400879e-01
-7.848311066627502441e-01
-2.505150735378265381e-01
-9.387606978416442871e-01
-9.623760581016540527e-01
-8.652568459510803223e-01
3.376105129718780518e-01
-1.100287914276123047e+00
-1.263932347297668457e+00
1.892285943031311035e-01
-1.418211340904235840e+00
-4.308323860168457031e+00
-6.047397255897521973e-01
-5.146790027618408203e+00
-1.037994861602783203e+00
-1.145205497741699219e+00
-8.130649924278259277e-01
-9.832595586776733398e-01
4.719887971878051758e-01
1.559542417526245117e-01
-1.235992670059204102e+00
4.788962006568908691e-01
-1.107557535171508789e+00
2.600655257701873779e-01
-1.403703689575195312e+00
5.986906215548515320e-02
3.118933737277984619e-01
-1.128926873207092285e+00
-4.588321149349212646e-01
4.318983256816864014e-01
-1.231452941894531250e+00
-1.140461206436157227e+00
-2.983503639698028564e-01
-1.435510873794555664e+00
-1.289393424987792969e+00
-1.029877662658691406e+00
-5.956784486770629883e-01
-1.096527099609375000e+00
-8.750306367874145508e-01
1.503739804029464722e-01
-7.385667562484741211e-01
2.802222371101379395e-01
-8.209146261215209961e-01
-1.109715580940246582e+00
-1.322274923324584961e+00
-1.436384439468383789e+00
-1.398653149604797363e+00
-9.356570839881896973e-01
-8.937994241714477539e-01
2.516492366790771484e+00
-1.119856119155883789e+00
-8.897805213928222656e-01
-8.923270106315612793e-01
-7.983817458152770996e-01
-1.211743831634521484e+00
-1.241021871566772461e+00
-9.228581786155700684e-01
-1.359947443008422852e+00
2.195780873298645020e-01
-1.421416521072387695e+00
-6.270830631256103516e-01
-1.192735791206359863e+00
-1.062432289123535156e+00
-1.168402791023254395e+00
3.399420678615570068e-01
-1.821555376052856445e+00
-1.197968959808349609e+00
-4.887416064739227295e-01
-3.219567537307739258e-01
-1.206584095954895020e+00
2.835009694099426270e-01
-9.850884675979614258e-01
-1.315436244010925293e+00
-6.596660614013671875e-01
-8.930312395095825195e-01
-5.386223793029785156e-01
-1.008710265159606934e+00
-1.096031069755554199e+00
-1.106418490409851074e+00
2.739434242248535156e-01
-1.276875019073486328e+00
-1.106915593147277832e+00
-1.186794281005859375e+00
-1.332154631614685059e+00
-9.042190313339233398e-01
3.986620008945465088e-01
-1.398775339126586914e+00
-8.605272769927978516e-01
-8.580142855644226074e-01
-9.253814220428466797e-01
-1.609517335891723633e+00
-6.979988217353820801e-01
2.286484241485595703e-01
-8.836041092872619629e-01
-7.266455888748168945e-01
-1.056868672370910645e+00
-9.810966849327087402e-01
-1.648477315902709961e+00
-8.687884807586669922e-01
-4.752818107604980469e+00
-1.008983850479125977e+00
-6.382634639739990234e-01
-1.223122596740722656e+00
-7.646645307540893555e-01
-1.067978382110595703e+00
-5.956459045410156250e-01
-9.522044658660888672e-01
-1.419059514999389648e+00
-4.676598012447357178e-01
-3.971581757068634033e-01
-8.853685855865478516e-01
-8.839761614799499512e-01
-7.448178529739379883e-01
1.973023414611816406e-01
-7.926678061485290527e-01
-6.698564887046813965e-01
-8.508359789848327637e-01
-7.520166039466857910e-01
8.572320640087127686e-02
-7.986956834793090820e-01
-4.832881927490234375e+00
-1.240747451782226562e+00
-1.316852331161499023e+00
-9.583764672279357910e-01
-3.550215065479278564e-01
-8.586917519569396973e-01
-8.945949077606201172e-01
-5.978369116783142090e-01
-7.763982415199279785e-01
-6.190972328186035156e-01
-1.504413843154907227e+00
-5.216308593750000000e+00
-1.205638051033020020e+00
-1.441249132156372070e+00
-8.002342581748962402e-01
4.135639667510986328e-01
-1.648333072662353516e+00
2.585276663303375244e-01
-1.153280138969421387e+00
-8.856394290924072266e-01
-1.315973758697509766e+00
-9.104533195495605469e-01
-1.039854764938354492e+00
-8.466446399688720703e-01
-1.114126443862915039e+00
-8.811896443367004395e-01
-8.131839036941528320e-01
3.438718318939208984e-01
-9.699070453643798828e-01
1.440915316343307495e-01
-9.297611117362976074e-01
-9.774490594863891602e-01
-1.624742150306701660e+00
-9.479257464408874512e-01
-8.251565098762512207e-01
-7.585344910621643066e-01
1.686698794364929199e-01
-8.209869861602783203e-01
-1.121258497238159180e+00
-7.287843823432922363e-01
-1.189380288124084473e+00
-7.571297883987426758e-01
4.026905298233032227e-01
1.053983196616172791e-01
2.776305973529815674e-01
-2.040310502052307129e-01
3.791613504290580750e-02
-9.362379312515258789e-01
-1.208109855651855469e+00
-1.208245873451232910e+00
-1.499560117721557617e+00
2.452825605869293213e-01
-2.885897457599639893e-01
-8.865390419960021973e-01
-8.635811209678649902e-01
4.557109177112579346e-01
-1.152032136917114258e+00
-8.488951921463012695e-01
-1.328269720077514648e+00
3.965128958225250244e-01
-1.121398091316223145e+00
-1.049775481224060059e+00
-1.089155673980712891e+00
-6.409190297126770020e-01
-8.026937842369079590e-01
-8.858158588409423828e-01
-1.029015064239501953e+00
-6.113906502723693848e-01
-5.771182775497436523e-01
-8.015272617340087891e-01
-7.465001940727233887e-01
-1.488832592964172363e+00
-1.509920239448547363e+00
-1.170898556709289551e+00
-1.447964072227478027e+00
-1.472267985343933105e+00
-1.133001804351806641e+00
-7.153435349464416504e-01
-1.248834252357482910e+00
-1.181489944458007812e+00
-2.201403856277465820e+00
-1.639765262603759766e+00
-1.042622327804565430e+00
-2.015573501586914062e+00
-9.549403190612792969e-01
-2.342468649148941040e-01
2.262055426836013794e-01
-2.032214641571044922e+00
-5.184699296951293945e-01
-5.798425078392028809e-01
-1.071386456489562988e+00
3.098153173923492432e-01
-1.670776963233947754e+00
-6.647627353668212891e-01
-1.030102968215942383e+00
-9.084981083869934082e-01
-9.319833517074584961e-01
-6.894782185554504395e-01
