-6.706600189208984375e-01
-1.850408315658569336e-02
-1.966164074838161469e-02
3.324657678604125977e-02
-3.461022973060607910e-01
5.802140384912490845e-02
-7.999760098755359650e-03
-7.507885992527008057e-02
-9.985262900590896606e-02
-6.898316740989685059e-02
-4.331715703010559082e-01
-1.335678845643997192e-01
-3.390183150768280029e-01
8.325236290693283081e-02
-1.210976123809814453e+00
4.424722120165824890e-02
1.040255874395370483e-01
1.539696939289569855e-02
1.341951638460159302e-01
-9.183996915817260742e-02
-1.381432265043258667e-01
-1.104438025504350662e-02
-2.051605843007564545e-02
-2.084565907716751099e-01
1.199184581637382507e-01
3.639071285724639893e-01
-4.798504114151000977e-01
1.688165813684463501e-01
4.865916669368743896e-01
-1.889465153217315674e-01
-1.553207356482744217e-02
-1.223287656903266907e-01
-7.739083468914031982e-02
-2.370266988873481750e-02
7.586265448480844498e-03
1.642538160085678101e-01
-1.747991703450679779e-02
-3.648769110441207886e-02
1.857420355081558228e-01
2.271593548357486725e-03
5.855907201766967773e-01
7.089716196060180664e-02
-1.880870461463928223e-01
-4.967322647571563721e-01
5.808701366186141968e-02
-1.361810415983200073e-01
2.169576287269592285e-02
-2.377287000417709351e-01
-2.323905006051063538e-02
-6.069561932235956192e-03
2.238124050199985504e-02
1.087368950247764587e-01
2.725382894277572632e-02
1.910953596234321594e-02
2.561850100755691528e-02
-4.803847521543502808e-02
-2.375705726444721222e-02
9.422982484102249146e-02
1.747499778866767883e-02
-2.220811694860458374e-02
-4.413731768727302551e-02
4.429533611983060837e-03
-2.115722931921482086e-02
1.132226705551147461e+00
1.188738942146301270e-01
7.173271477222442627e-02
-3.546878397464752197e-01
-2.389241933822631836e+00
-1.030545830726623535e-01
1.647839881479740143e-02
-4.144086316227912903e-02
5.514672398567199707e-01
2.414968796074390411e-02
-2.776221632957458496e-01
-2.972045354545116425e-02
2.069266885519027710e-02
1.062006354331970215e+00
8.351299762725830078e-01
-5.930570960044860840e-01
-1.370391249656677246e-01
1.415033936500549316e-01
4.406780935823917389e-03
7.002722937613725662e-03
-9.301424026489257812e-01
1.162305399775505066e-01
2.004170566797256470e-01
-3.698133528232574463e-01
1.378450426273047924e-03
2.063494324684143066e-01
5.717218853533267975e-03
7.235562801361083984e-02
-1.494682282209396362e-01
8.042669855058193207e-03
-2.692756801843643188e-02
1.805316805839538574e-01
1.969859302043914795e-01
7.065973281860351562e-01
-2.881803922355175018e-02
-1.261358987540006638e-02
7.071014493703842163e-03
-1.008985415101051331e-01
-3.250707089900970459e-01
1.302777677774429321e-01
8.478413522243499756e-02
1.854934357106685638e-02
-2.964804589282721281e-04
3.687378764152526855e-01
3.995488956570625305e-02
8.805428445339202881e-02
1.510921493172645569e-02
-1.539481282234191895e-01
-2.256918847560882568e-01
-1.251545786857604980e+00
-4.563862085342407227e-02
1.510562933981418610e-02
1.147467568516731262e-01
8.603790402412414551e-02
1.918510645627975464e-01
-2.455447018146514893e-01
-1.219483464956283569e-01
-1.136876642704010010e-01
-1.514800786972045898e-01
1.491733174771070480e-02
1.693063043057918549e-02
7.466868162155151367e-01
2.085137218236923218e-01
-3.472393006086349487e-02
-2.462842129170894623e-02
1.170026883482933044e-01
2.414789348840713501e-01
-7.360868901014328003e-02
-1.748896017670631409e-02
3.677709400653839111e-02
-9.333372861146926880e-02
8.582204580307006836e-02
1.003829613327980042e-01
-1.486399769783020020e+00
3.865768015384674072e-02
-1.557738482952117920e-01
2.097847014665603638e-01
-2.028609253466129303e-02
5.019440501928329468e-02
4.685332253575325012e-02
-5.248653702437877655e-03
-1.824362128973007202e-01
-1.479088049381971359e-02
2.510752528905868530e-03
-7.964766770601272583e-02
-1.946349442005157471e-02
-4.191800951957702637e-01
-2.113184034824371338e-01
-5.689587071537971497e-02
1.157777905464172363e-01
2.963033318519592285e-01
7.701443135738372803e-02
5.348582193255424500e-02
-4.233081638813018799e-01
8.240654319524765015e-02
3.488914668560028076e-02
-2.649373710155487061e-01
-6.144177168607711792e-02
8.918366581201553345e-02
6.329563260078430176e-01
1.116335153579711914e+00
-1.069014444947242737e-01
-2.556082047522068024e-02
1.300455350428819656e-02
-7.999808192253112793e-01
-5.822854042053222656e-01
1.706288009881973267e-02
8.701935410499572754e-02
8.889961987733840942e-02
4.767728969454765320e-02
-1.853520795702934265e-02
-1.018934324383735657e-01
-7.157036662101745605e-02
-1.905437111854553223e-01
1.676867343485355377e-02
-9.920875728130340576e-02
1.175203267484903336e-02
-1.643104664981365204e-02
1.383642256259918213e-01
-4.412796795368194580e-01
-1.967162191867828369e-01
3.372299298644065857e-02
-7.615637034177780151e-02
-4.826864302158355713e-01
3.319532796740531921e-02
3.761556372046470642e-02
4.524887725710868835e-02
-1.891918327601160854e-05
-1.829698681831359863e-02
-6.636136770248413086e-01
1.573050580918788910e-02
-2.712360024452209473e-02
-6.963055115193128586e-03
1.338006407022476196e-01
4.959158226847648621e-02
-1.597037613391876221e-01
3.999157845973968506e-01
2.109477855265140533e-02
-8.406596630811691284e-02
-1.532257348299026489e-01
4.379836842417716980e-02
2.686143219470977783e-01
-1.113051474094390869e-01
2.822180092334747314e-01
4.938624426722526550e-02
4.812003076076507568e-01
-3.483643755316734314e-02
1.070830598473548889e-01
1.820966973900794983e-02
-3.011485189199447632e-02
1.489099711179733276e-01
-6.072799861431121826e-02
4.175941646099090576e-01
-5.284162238240242004e-02
-2.312067598104476929e-01
-2.825303375720977783e-02
-6.948017328977584839e-02
-8.620501160621643066e-01
4.732073843479156494e-01
1.293063998222351074e+00
1.206909492611885071e-02
-1.410253942012786865e-01
5.663010524585843086e-04
1.136310398578643799e-01
5.734125375747680664e-01
-1.036157906055450439e-01
4.621699154376983643e-01
-1.250385642051696777e-01
-2.905624508857727051e-01
7.376645505428314209e-02
5.731760989874601364e-03
-2.718603909015655518e-01
-3.883339464664459229e-01
-1.392265856266021729e-01
-3.885769546031951904e-01
2.795003913342952728e-02
5.256514623761177063e-02
-5.278537794947624207e-02
1.151852458715438843e-01
-5.477705970406532288e-02
-6.959195435047149658e-02
8.717989176511764526e-02
3.423061966896057129e-01
4.371795058250427246e-01
6.051903590559959412e-03
-1.228578574955463409e-02
-2.686243318021297455e-02
-2.171599268913269043e-01
8.876021020114421844e-04
2.523144781589508057e-01
6.190905719995498657e-02
-1.261593401432037354e-01
-2.055659592151641846e-01
7.305386662483215332e-02
2.157490253448486328e-01
-2.244205623865127563e-01
-1.299380091950297356e-03
-2.758380472660064697e-01
8.332648314535617828e-03
1.538197696208953857e-01
2.121187150478363037e-01
-9.235735051333904266e-03
-1.185610610991716385e-02
-1.882307827472686768e-01
3.136935830116271973e-02
1.044530887156724930e-02
-1.650577634572982788e-01
2.908352315425872803e-01
4.528388846665620804e-03
-1.073542609810829163e-01
-2.618379592895507812e-01
-9.023456275463104248e-02
8.362306654453277588e-02
1.781088232994079590e+00
1.606304794549942017e-01
9.704073518514633179e-02
-6.803224980831146240e-02
-1.370123475790023804e-01
-1.702074527740478516e+00
3.356323810294270515e-03
3.203866481781005859e-01
-3.217402994632720947e-01
3.077452071011066437e-03
1.570396423339843750e-01
2.896543778479099274e-02
1.565801352262496948e-02
-2.407998591661453247e-01
3.103429973125457764e-01
-1.413667947053909302e-01
3.520816266536712646e-01
-1.890166103839874268e-02
-1.442310661077499390e-01
-7.316572964191436768e-02
-1.743896901607513428e-01
7.081444561481475830e-02
-3.387684226036071777e-01
1.936234682798385620e-01
-2.518209218978881836e-01
-2.758351154625415802e-02
-1.453446894884109497e-01
1.126275062561035156e-01
6.138553097844123840e-02
-3.151362538337707520e-01
2.168277025222778320e+00
-2.223882973194122314e-01
3.522295057773590088e-01
-7.500805258750915527e-01
-6.380967795848846436e-02
9.142993018031120300e-03
-2.879759073257446289e-01
6.116585731506347656e-01
2.117828875780105591e-01
4.096611738204956055e-01
-2.796228826045989990e-01
3.944561630487442017e-02
1.493778172880411148e-02
-2.860383689403533936e-02
