1.006504241377115250e-02
-3.242049813270568848e-01
1.798752099275588989e-01
1.231436803936958313e-01
-6.238233670592308044e-02
-6.144182756543159485e-03
3.667812943458557129e-01
2.285989820957183838e-01
2.618549466133117676e-01
2.140341699123382568e-02
3.592446818947792053e-02
-8.964879065752029419e-02
1.607142575085163116e-02
-3.692690655589103699e-02
3.765562921762466431e-02
2.128507010638713837e-02
1.465387195348739624e-01
4.863098859786987305e-01
-6.600094638997688890e-05
8.546919561922550201e-03
1.072204578667879105e-02
4.694103728979825974e-03
-1.471583247184753418e-01
-3.855166956782341003e-02
1.463563591241836548e-01
2.049283534288406372e-01
-2.180630713701248169e-01
-1.983564347028732300e-02
-5.014312863349914551e-01
1.499600052833557129e+00
3.563935682177543640e-02
1.386438589543104172e-02
-1.871999353170394897e-01
2.159660756587982178e-01
2.498862147331237793e-01
-6.732234731316566467e-03
1.667131669819355011e-02
1.038512736558914185e-01
-2.881366312503814697e-01
1.701866537332534790e-01
-4.627231135964393616e-02
-6.850582361221313477e-02
-7.864126935601234436e-03
3.997270017862319946e-03
1.759315878152847290e-01
-3.182762563228607178e-01
-1.388309150934219360e-02
7.703918218612670898e-01
2.328587621450424194e-01
-1.614573597908020020e-01
1.892703957855701447e-02
-1.409093439579010010e-01
1.150707080960273743e-01
-5.664647817611694336e-01
-3.297709301114082336e-02
-4.048077017068862915e-02
-1.826602965593338013e-01
7.410693913698196411e-02
3.417680785059928894e-02
-6.243660673499107361e-02
-9.236670285463333130e-02
6.231219694018363953e-02
-1.245916448533535004e-02
-4.018412232398986816e-01
-1.353603899478912354e-01
5.344655364751815796e-02
1.255667656660079956e-01
1.183451056480407715e+00
2.334253117442131042e-02
3.986918926239013672e-02
5.894373729825019836e-02
-9.652514941990375519e-03
-3.313971683382987976e-02
2.045662552118301392e-01
1.852189307101070881e-03
-1.428079456090927124e-01
4.855817928910255432e-02
-1.147336512804031372e-01
-5.883943438529968262e-01
-1.780801713466644287e-01
-1.095515042543411255e-01
1.559357643127441406e-01
-2.342013567686080933e-01
-2.367370724678039551e-01
-4.511864781379699707e-01
-1.314096003770828247e-01
-1.367554515600204468e-01
8.706955611705780029e-02
-9.883525222539901733e-02
7.996581494808197021e-02
-5.103529095649719238e-01
-1.658370047807693481e-01
9.180338680744171143e-02
7.453942205756902695e-03
3.645142912864685059e-01
2.764572016894817352e-02
7.937167584896087646e-02
-9.351114928722381592e-02
9.486615657806396484e-03
1.037990599870681763e-01
8.266901224851608276e-02
3.087488375604152679e-02
1.272131595760583878e-02
-1.016372144222259521e-01
1.990514695644378662e-01
1.142344400286674500e-01
-1.647587269544601440e-01
2.214961349964141846e-01
5.121556296944618225e-02
-2.562683075666427612e-02
1.022791936993598938e-01
-4.868097603321075439e-02
1.279811747372150421e-02
2.250544875860214233e-01
-4.872598499059677124e-02
-2.903308570384979248e-01
-1.430611759424209595e-01
-8.211601525545120239e-03
-1.695310324430465698e-01
1.088350638747215271e-02
-1.720174215734004974e-02
-7.144418079406023026e-03
-1.553501337766647339e-01
6.068081408739089966e-02
-1.801916658878326416e-01
1.359322853386402130e-02
1.085270285606384277e+00
8.350078761577606201e-02
-5.075186118483543396e-02
1.296841260045766830e-02
1.432755738496780396e-01
1.660425305366516113e+00
1.005821079015731812e-01
-1.090348139405250549e-01
1.869557052850723267e-02
1.064782496541738510e-03
1.171538382768630981e-01
3.288502618670463562e-02
5.192706361413002014e-02
6.824072450399398804e-02
1.795065402984619141e-01
1.644990146160125732e-01
1.939271539449691772e-01
-3.552551269531250000e-01
-8.701857179403305054e-02
-9.771167300641536713e-03
1.808173954486846924e-01
-2.251494079828262329e-01
1.058181524276733398e-01
-1.187065169215202332e-01
-1.126237735152244568e-01
9.199199080467224121e-02
-4.949234426021575928e-02
5.378148332238197327e-02
1.577214221470057964e-03
-1.383005499839782715e+00
1.724895983934402466e-01
-7.519502192735671997e-02
1.114428043365478516e-01
-9.548173286020755768e-03
3.705497831106185913e-02
-9.421817213296890259e-02
3.479034453630447388e-02
1.418587565422058105e-01
-6.916908919811248779e-02
8.234302699565887451e-02
8.380161523818969727e-01
-1.441607326269149780e-01
1.097361743450164795e-02
-6.123454868793487549e-02
-1.810996234416961670e-02
6.404728163033723831e-03
-2.135330885648727417e-01
-5.646283179521560669e-02
-1.258021034300327301e-02
-1.431048032827675343e-03
6.013187021017074585e-02
-7.924008965492248535e-01
-2.507238388061523438e-01
2.344494313001632690e-01
-2.268055081367492676e-02
1.571819037199020386e-01
4.036970436573028564e-01
-8.034226298332214355e-02
2.224513530731201172e+00
-1.774362921714782715e-01
2.122973501682281494e-01
3.528952365741133690e-04
-1.350750625133514404e-01
2.835133299231529236e-02
1.029507592320442200e-01
1.234217047691345215e+00
1.094582118093967438e-02
-1.113397814333438873e-02
1.017242297530174255e-02
-2.524906098842620850e-01
-1.296603828668594360e-01
-1.216308623552322388e-01
1.198771223425865173e-01
-1.860472373664379120e-02
6.338509917259216309e-02
-7.634850591421127319e-02
8.319511413574218750e-01
7.460715770721435547e-01
3.497453173622488976e-03
8.554781787097454071e-03
-1.846612691879272461e-01
-5.679318308830261230e-02
-3.051560223102569580e-01
-1.766337156295776367e-01
3.201480209827423096e-02
6.038973852992057800e-02
-1.337365210056304932e-01
1.242342367768287659e-01
-1.829776167869567871e-02
3.031726181507110596e-01
2.082916349172592163e-02
1.789326816797256470e-01
-1.515109557658433914e-02
1.290841866284608841e-02
1.625640988349914551e-01
2.163139637559652328e-03
2.301809936761856079e-02
4.959742724895477295e-02
-6.273644044995307922e-03
1.063785180449485779e-01
1.043830625712871552e-02
-2.041433192789554596e-02
-1.033367887139320374e-01
-1.538246404379606247e-02
4.443508014082908630e-02
1.213883608579635620e-01
1.204693317413330078e-01
-1.151510328054428101e-01
-3.670328995212912560e-03
-4.783042520284652710e-02
8.146171271800994873e-02
-1.169763877987861633e-01
-9.535919427871704102e-01
9.431230425834655762e-01
-1.689492613077163696e-01
-1.479388326406478882e-01
-1.993675949051976204e-03
-2.753916680812835693e-01
-3.460872685536742210e-03
1.607922837138175964e-02
-2.316220551729202271e-01
1.527993846684694290e-02
-8.061072230339050293e-02
1.706070266664028168e-02
3.257205244153738022e-03
1.165269990451633930e-03
-1.846332997083663940e-01
-7.880163937807083130e-02
2.727057337760925293e-01
-2.106709592044353485e-02
-7.543120533227920532e-02
3.980373218655586243e-02
4.422673024237155914e-03
2.422540448606014252e-02
1.207580044865608215e-02
-4.561600740998983383e-03
-3.913501277565956116e-02
-5.515023693442344666e-02
1.157148159109055996e-03
2.160899341106414795e-02
1.679170727729797363e-01
3.274531960487365723e-01
2.293950766324996948e-01
7.816891372203826904e-02
-1.247903332114219666e-01
-1.245471119880676270e+00
-1.870458841323852539e+00
1.152239441871643066e-01
-2.797195613384246826e-01
1.227730751037597656e+00
8.479386568069458008e-01
2.479074150323867798e-02
7.232277840375900269e-02
7.274276018142700195e-01
1.342709362506866455e-02
-5.949581786990165710e-02
2.722211740911006927e-02
-4.336874186992645264e-02
-1.411854982376098633e+00
6.105986610054969788e-02
8.532728999853134155e-03
-3.552603302523493767e-03
-7.218656539916992188e-01
1.191742047667503357e-01
3.548136726021766663e-02
5.844576358795166016e-01
2.335104197263717651e-01
7.323621958494186401e-02
2.133396081626415253e-02
-3.224489092826843262e-02
1.328067034482955933e-01
2.232453525066375732e-01
2.198536098003387451e-01
1.354553620330989361e-03
2.236012741923332214e-02
-1.789942011237144470e-02
-6.605987902730703354e-03
-1.992039233446121216e-01
-1.944056749343872070e-01
8.262433111667633057e-02
8.151764422655105591e-02
-2.727577984333038330e-01
-3.020121902227401733e-02
-1.897146850824356079e-01
-9.923911094665527344e-02
1.308311615139245987e-02
-4.958140477538108826e-02
-4.418870061635971069e-02
-8.261650055646896362e-02
2.954483032226562500e-01
-8.617786318063735962e-02
2.371692657470703125e-02
-1.454029977321624756e-01
-3.709264472126960754e-02
