-1.688074469566345215e+00
-1.476475119590759277e+00
-3.246347188949584961e+00
-1.635291457176208496e+00
-1.051707148551940918e+00
-1.782979726791381836e+00
-1.505408525466918945e+00
-4.135009348392486572e-01
2.007986456155776978e-01
-8.172900080680847168e-01
-9.383262395858764648e-01
-1.249726653099060059e+00
-1.441396474838256836e+00
-9.509612917900085449e-01
-1.363790869712829590e+00
4.493348300457000732e-01
-1.320012569427490234e+00
-1.602786779403686523e+00
1.990533024072647095e-01
-5.854837894439697266e-01
-2.005069017410278320e+00
-4.462839066982269287e-01
-8.277628421783447266e-01
1.803954243659973145e-01
-1.625776886940002441e+00
-1.141833543777465820e+00
-1.571429371833801270e+00
-1.329008340835571289e+00
-2.308362722396850586e+00
-2.482695102691650391e+00
7.409550249576568604e-02
-1.257636189460754395e+00
-1.795355916023254395e+00
-3.899544775485992432e-01
-9.607642292976379395e-01
-8.909564018249511719e-01
-1.682148933410644531e+00
2.357319146394729614e-01
-3.102876424789428711e+00
-1.040676832199096680e+00
-7.474877834320068359e+00
-1.040633678436279297e+00
-2.111052751541137695e+00
4.718126356601715088e-01
-1.348535776138305664e+00
-7.694928646087646484e-01
-7.768330574035644531e+00
-5.080340504646301270e-01
-9.829934835433959961e-01
-1.008691549301147461e+00
-2.808502316474914551e-01
-1.112181067466735840e+00
-8.965893983840942383e-01
-1.364190220832824707e+00
-1.236987948417663574e+00
-1.366929531097412109e+00
-1.062244892120361328e+00
-1.514734745025634766e+00
-1.022139549255371094e+00
-7.870274782180786133e-01
-2.412854909896850586e+00
-3.009084939956665039e+00
-7.762330174446105957e-01
-1.830175042152404785e+00
5.144739523530006409e-02
-8.117489814758300781e-01
-2.310013294219970703e+00
2.554937005043029785e-01
-2.107833862304687500e+00
-1.559616804122924805e+00
-1.427365899085998535e+00
-1.184651613235473633e+00
-8.366767764091491699e-01
-1.534977674484252930e+00
-1.584182620048522949e+00
-1.935937404632568359e+00
-1.510862588882446289e+00
-1.331223964691162109e+00
-1.139734148979187012e+00
-1.080650925636291504e+00
1.227011799812316895e+00
-6.047872304916381836e-01
-9.198044538497924805e-01
4.411574006080627441e-01
-2.252361029386520386e-01
-1.394797682762145996e+00
-1.187288165092468262e+00
-1.327093124389648438e+00
-1.094431996345520020e+00
-8.022007942199707031e-01
-1.241586565971374512e+00
-7.707494497299194336e-01
-7.734575271606445312e-01
-1.274064779281616211e+00
-1.984931707382202148e+00
-1.783746600151062012e+00
-1.210463166236877441e+00
-1.334007740020751953e+00
-4.374316930770874023e-01
-7.552164196968078613e-01
-2.302914142608642578e+00
-1.000193119049072266e+00
-1.041018843650817871e+00
-1.718558311462402344e+00
-1.804453372955322266e+00
-9.384561777114868164e-01
-4.040198802947998047e+00
-1.630977869033813477e+00
-1.893580675125122070e+00
4.427216649055480957e-01
-1.479664683341979980e+00
-1.276093482971191406e+00
-3.335246086120605469e+00
-9.496153593063354492e-01
-6.181124448776245117e-01
-1.455715894699096680e+00
-7.906499505043029785e-01
-1.271069288253784180e+00
-1.193598985671997070e+00
-8.422824740409851074e-01
-1.636604666709899902e+00
3.513532280921936035e-01
-3.554873466491699219e-01
-1.489224910736083984e+00
-1.220656752586364746e+00
1.847510039806365967e-01
-1.241127848625183105e+00
-1.767652273178100586e+00
-8.380752801895141602e-01
-1.230611205101013184e+00
-9.084017276763916016e-01
-1.501240968704223633e+00
-2.197327375411987305e+00
-1.815087556838989258e+00
-1.597210884094238281e+00
-1.049191832542419434e+00
-1.303305387496948242e+00
4.543580710887908936e-01
4.662272930145263672e-01
-1.743417978286743164e+00
-1.519151806831359863e+00
-1.700723052024841309e+00
-6.076884865760803223e-01
-1.372367620468139648e+00
-1.228945374488830566e+00
-7.765004634857177734e-01
-1.121870517730712891e+00
3.784101903438568115e-01
-1.113062500953674316e+00
-1.136987566947937012e+00
2.641101479530334473e-01
-1.877784848213195801e+00
1.063233539462089539e-01
-1.824782371520996094e+00
-3.095193862915039062e+00
-1.417641282081604004e+00
-8.715747594833374023e-01
-9.024183750152587891e-01
-5.172386765480041504e-01
-1.583754301071166992e+00
-1.542721629142761230e+00
-2.035712957382202148e+00
1.112930849194526672e-01
-1.530334949493408203e+00
-1.786420106887817383e+00
-7.374864220619201660e-01
-1.715258955955505371e+00
-8.134461641311645508e-01
-7.346954345703125000e-01
-1.549165487289428711e+00
-2.030193328857421875e+00
-1.757897019386291504e+00
-1.041593670845031738e+00
-5.972954630851745605e-01
-1.683966279029846191e+00
-9.919984936714172363e-01
-5.740944743156433105e-01
-1.010360360145568848e+00
-3.941545248031616211e+00
2.945788800716400146e-01
-5.588193416595458984e+00
2.589017748832702637e-01
-1.369732379913330078e+00
-1.045366048812866211e+00
3.141620159149169922e-01
2.421532422304153442e-01
-1.600954174995422363e+00
-1.643357276916503906e+00
-1.204208850860595703e+00
-2.026529550552368164e+00
-6.346632838249206543e-01
-1.713309645652770996e+00
-1.838141083717346191e+00
-5.581797361373901367e-01
-6.183854937553405762e-01
-1.500517606735229492e+00
-1.742081999778747559e+00
-6.666837930679321289e-01
-2.200904190540313721e-01
-7.062618732452392578e+00
2.491619437932968140e-01
-8.635419011116027832e-01
-7.542815208435058594e-01
-1.705296516418457031e+00
-1.296535253524780273e+00
3.125248849391937256e-01
-1.517601132392883301e+00
-5.972777009010314941e-01
3.457491993904113770e-01
-8.611443042755126953e-01
-7.680417299270629883e-01
-1.665899634361267090e+00
-8.770322799682617188e-01
-1.789587020874023438e+00
3.892107605934143066e-01
-1.160026431083679199e+00
-1.611859560012817383e+00
-1.237653613090515137e+00
-1.319971084594726562e+00
-4.141621112823486328e+00
-7.395358085632324219e-01
-1.249780654907226562e+00
2.932511270046234131e-01
-2.780439615249633789e+00
-6.129974126815795898e-01
-2.125334024429321289e+00
-1.826615333557128906e+00
4.163500666618347168e-01
-3.056797683238983154e-01
-1.945792317390441895e+00
-1.160349011421203613e+00
-5.481536388397216797e-01
-1.706349968910217285e+00
1.273355484008789062e+00
-8.409206271171569824e-01
-1.255594134330749512e+00
-1.266466617584228516e+00
-1.731633305549621582e+00
-1.278151035308837891e+00
-1.857280135154724121e+00
-1.629283666610717773e+00
-9.174464941024780273e-01
2.145930379629135132e-01
-1.154619574546813965e+00
-1.570430636405944824e+00
-1.442417383193969727e+00
-1.632103681564331055e+00
-2.518180608749389648e+00
-9.636735916137695312e-01
-5.931701064109802246e-01
-9.031558632850646973e-01
-8.856298327445983887e-01
-5.977920889854431152e-01
-8.170540332794189453e-01
-9.966628551483154297e-01
4.127320647239685059e-01
-1.087459206581115723e+00
-1.348168373107910156e+00
-1.458889007568359375e+00
-1.444475531578063965e+00
-2.845402479171752930e+00
-7.889795303344726562e-01
-8.371785283088684082e-01
-1.021548032760620117e+00
-1.137171864509582520e+00
-1.117757558822631836e+00
-6.934362649917602539e-01
-7.499638795852661133e-01
-1.033645987510681152e+00
-1.123742818832397461e+00
-1.518343567848205566e+00
-1.564199090003967285e+00
3.829938769340515137e-01
-1.462739348411560059e+00
-7.200179100036621094e+00
-3.248613119125366211e+00
-1.490987181663513184e+00
-5.698559880256652832e-01
-5.291691303253173828e+00
-1.242639780044555664e+00
-2.287501811981201172e+00
-1.239852428436279297e+00
-1.535899400711059570e+00
-1.070455074310302734e+00
1.991258561611175537e-01
3.147131949663162231e-02
-1.109375357627868652e+00
3.291164040565490723e-01
-1.025738596916198730e+00
-1.266327977180480957e+00
-6.651679277420043945e-01
5.180416703224182129e-01
-1.153726100921630859e+00
-9.098106622695922852e-01
-3.417155742645263672e-01
-1.317554354667663574e+00
-1.642097830772399902e+00
-1.032578945159912109e+00
-1.386464357376098633e+00
-1.506275177001953125e+00
-9.564549922943115234e-01
-4.858244061470031738e-01
-1.006539583206176758e+00
-9.346449971199035645e-01
-1.382339239120483398e+00
-1.921094298362731934e+00
-1.385243773460388184e+00
-1.994884133338928223e+00
-1.297825932502746582e+00
-8.617501258850097656e-01
-7.801034450531005859e-01
-1.258836984634399414e+00
-3.977818787097930908e-01
-6.502490639686584473e-01
-1.580700039863586426e+00
-1.223259925842285156e+00
-1.113847851753234863e+00
-1.496021866798400879e+00
-1.893889904022216797e+00
2.646205723285675049e-01
