4.345192909240722656e-01
-4.220971837639808655e-02
-2.590225310996174812e-03
-4.661211743950843811e-03
-7.309908978641033173e-03
-2.289050957188010216e-03
-2.371981292963027954e-01
1.657852716743946075e-02
-3.314625620841979980e-01
-7.097868621349334717e-02
-1.018156707286834717e-01
3.029160797595977783e-01
-1.463772729039192200e-02
7.514724880456924438e-02
1.507687941193580627e-02
3.148709982633590698e-02
1.440132260322570801e-01
-3.077023290097713470e-02
-1.365223973989486694e-01
-3.809739947319030762e-01
1.508683618158102036e-02
3.204767778515815735e-02
1.485351175069808960e-01
1.053261980414390564e-01
-2.364236563444137573e-01
-6.682211160659790039e-02
2.452852725982666016e-01
-1.235617846250534058e-01
4.542685151100158691e-01
1.537338197231292725e-01
3.806781396269798279e-02
5.130758136510848999e-02
-1.181007504463195801e+00
-7.330296188592910767e-02
-6.112093850970268250e-02
1.849329173564910889e-01
-4.419927427079528570e-04
6.783989071846008301e-02
-8.791372925043106079e-02
-1.457557380199432373e-01
1.196023076772689819e-01
-3.247149661183357239e-02
-2.270328402519226074e-01
5.944131407886743546e-03
-1.900119334459304810e-01
4.824474453926086426e-01
-1.991993933916091919e-01
2.792208828032016754e-02
-2.072650492191314697e-01
-2.160485088825225830e-02
-2.829934936016798019e-03
6.359876990318298340e-01
9.763102233409881592e-02
6.821493804454803467e-02
-3.844152018427848816e-02
-9.520690143108367920e-02
1.436170656234025955e-02
-7.751096040010452271e-02
-1.632770746946334839e-01
-2.429497195407748222e-03
-2.339005284011363983e-02
-1.085565090179443359e-01
1.651148498058319092e-01
1.062760055065155029e-01
-1.716552227735519409e-01
-1.905897557735443115e-01
-5.836904644966125488e-01
-1.793280243873596191e-01
-2.220009639859199524e-02
1.831923872232437134e-01
2.055120887234807014e-03
-1.133245229721069336e-01
-4.238330945372581482e-02
1.785921677947044373e-02
-2.953390032052993774e-02
7.647656649351119995e-02
8.823339641094207764e-02
-1.177663877606391907e-01
-6.528931856155395508e-02
-1.813966184854507446e-01
-2.550446391105651855e-01
-3.441147878766059875e-02
-7.293830066919326782e-02
-2.980033867061138153e-02
-1.957641839981079102e-01
6.115052103996276855e-02
-1.237085834145545959e-01
-1.789000467397272587e-03
7.272113114595413208e-02
4.362648725509643555e-02
2.436801046133041382e-02
-1.416724771261215210e-01
-6.072124466300010681e-02
-2.087063528597354889e-02
1.781131327152252197e-01
-1.335403323173522949e-01
1.654171347618103027e-01
1.037937641143798828e+00
6.583237089216709137e-03
-5.326116457581520081e-02
-5.772417038679122925e-02
-1.564808487892150879e-01
-1.196052283048629761e-01
4.729185253381729126e-02
-2.442096732556819916e-02
-1.896015368402004242e-02
-1.364040523767471313e-01
-2.689162641763687134e-02
-6.442847102880477905e-02
-1.996137388050556183e-02
-2.141416519880294800e-01
-1.118965446949005127e-02
-3.293558955192565918e-02
-8.067677170038223267e-02
1.281323194503784180e+00
-1.832619123160839081e-02
-1.738455593585968018e-01
-2.468164823949337006e-02
2.703885175287723541e-02
5.579459015280008316e-03
2.431185841560363770e-01
3.987964242696762085e-02
3.071552887558937073e-02
-1.013739034533500671e-01
1.621072143316268921e-01
3.854827722534537315e-03
6.685418076813220978e-03
9.457047283649444580e-02
-6.586118787527084351e-02
-7.084292173385620117e-02
-1.743541099131107330e-02
4.016737267374992371e-02
-1.813319563865661621e+00
2.157188802957534790e-01
-6.046638265252113342e-02
9.240130335092544556e-02
8.733447641134262085e-02
4.729225486516952515e-02
3.118209168314933777e-02
2.622296847403049469e-02
-4.923535510897636414e-02
-9.775622189044952393e-02
-2.450147829949855804e-02
-1.193652078509330750e-01
2.244632691144943237e-02
2.215936332941055298e-01
-2.495686523616313934e-02
8.805385231971740723e-02
1.942694559693336487e-02
-1.286346167325973511e-01
6.683966517448425293e-02
4.139304906129837036e-02
-1.794745922088623047e-01
3.199905455112457275e-01
-3.750942414626479149e-03
6.109857931733131409e-02
2.295954525470733643e-02
4.546788334846496582e-02
-2.737123966217041016e-01
1.298954725265502930e+00
-1.055732555687427521e-02
-3.179617226123809814e-02
1.208017706871032715e+00
-9.589386731386184692e-02
-3.094609677791595459e-01
-4.536493681371212006e-03
-5.127446353435516357e-02
1.057785120792686939e-04
-2.428494393825531006e-02
5.879915319383144379e-03
1.579206883907318115e-01
4.117744509130716324e-03
1.101607009768486023e-01
8.154610544443130493e-02
2.277391962707042694e-02
1.201881319284439087e-01
-1.021258831024169922e+00
-2.221472933888435364e-02
9.092807769775390625e-03
-1.277841925621032715e-01
4.491809755563735962e-02
2.242426946759223938e-02
-5.693307518959045410e-02
-1.658356934785842896e-01
-1.553450990468263626e-02
1.510143429040908813e-01
-6.476237438619136810e-03
1.408151984214782715e-01
8.239727467298507690e-03
-1.585635393857955933e-01
-1.323463767766952515e-01
-1.433902885764837265e-02
-2.942381799221038818e-02
2.435450255870819092e-02
6.922768056392669678e-02
-9.498679637908935547e-01
-3.117690384387969971e-01
-3.495611622929573059e-02
-4.558967053890228271e-02
-2.778516849502921104e-03
6.085851043462753296e-02
3.001886308193206787e-01
4.537421278655529022e-03
1.693994272500276566e-03
-1.717364974319934845e-02
-5.639823153614997864e-02
-8.524078130722045898e-02
9.119740128517150879e-02
-2.348023653030395508e-02
-1.179014667868614197e-01
9.102085232734680176e-02
-3.252598047256469727e-01
-4.109103605151176453e-02
3.103267960250377655e-02
-7.770286500453948975e-02
-2.019477337598800659e-01
1.030398998409509659e-02
-9.651967138051986694e-02
1.278235297650098801e-02
-1.700419783592224121e-01
6.637880951166152954e-02
1.697405055165290833e-02
2.050585858523845673e-02
2.230224013328552246e-02
-5.698053538799285889e-02
-1.046489924192428589e-03
-3.897037589922547340e-03
1.011204533278942108e-02
4.482272565364837646e-01
-4.147896170616149902e-02
-1.291748043149709702e-02
6.872133165597915649e-02
-1.753507554531097412e-01
4.612018540501594543e-02
-3.002850711345672607e-01
-2.208191156387329102e-01
8.954900316894054413e-03
2.984165959060192108e-02
6.849883124232292175e-03
-5.952009186148643494e-02
-3.627239167690277100e-02
3.778291121125221252e-02
-2.815026044845581055e-02
3.047358617186546326e-02
1.073123738169670105e-01
-1.957704424858093262e-01
-5.822771694511175156e-03
-5.059988424181938171e-02
3.328086063265800476e-02
3.831529989838600159e-02
-3.065665662288665771e-01
-2.180181294679641724e-01
-7.441060990095138550e-02
6.016851216554641724e-02
6.197330728173255920e-02
3.738940507173538208e-02
-1.544478232972323895e-03
-6.612381339073181152e-02
2.392010577023029327e-02
-1.090609841048717499e-02
-1.630064658820629120e-02
-5.901510361582040787e-03
4.817256238311529160e-03
-8.954396247863769531e-01
-1.301358826458454132e-02
-2.055119872093200684e-01
-9.600964188575744629e-02
1.360017526894807816e-02
6.008946895599365234e-02
8.028798550367355347e-02
-1.300497800111770630e-01
1.988256536424160004e-02
-1.744377240538597107e-02
-9.467042982578277588e-02
-2.152456641197204590e-01
7.089683413505554199e-02
-2.053551077842712402e-01
5.032315850257873535e-03
9.297108650207519531e-02
1.245596483349800110e-01
3.029638528823852539e-02
8.076532930135726929e-02
6.580191198736429214e-03
6.908684736117720604e-04
-1.029827594757080078e-01
-1.167163252830505371e-01
-1.688584536314010620e-01
-1.713822828605771065e-03
-8.530461043119430542e-02
-1.556220743805170059e-02
1.284089591354131699e-02
-1.468444764614105225e-01
-1.744549423456192017e-01
-3.494434058666229248e-02
-1.201395038515329361e-02
2.620792947709560394e-02
-3.892824053764343262e-02
-4.982351139187812805e-02
2.333863824605941772e-01
-1.397092361003160477e-02
5.497973784804344177e-02
-9.282749146223068237e-02
1.659963279962539673e-01
-2.793796546757221222e-02
-1.662071049213409424e-01
8.605109155178070068e-02
-6.327872723340988159e-02
6.524624675512313843e-02
-2.125569880008697510e-01
7.470253109931945801e-02
2.522894553840160370e-02
-7.627268321812152863e-03
-2.941355854272842407e-02
2.272428944706916809e-02
6.101908534765243530e-02
4.852139856666326523e-03
1.194982556626200676e-03
-2.548274060245603323e-04
-7.678296416997909546e-02
-7.099209818989038467e-03
