-4.647206962108612061e-01
-8.462039232254028320e-01
-1.718077778816223145e+00
-1.277109265327453613e+00
-7.540391087532043457e-01
-8.828352093696594238e-01
-1.032810449600219727e+00
-1.660803556442260742e+00
-1.453079223632812500e+00
-4.737315177917480469e-01
-7.891789078712463379e-01
-9.532676935195922852e-01
-1.044789552688598633e+00
1.280271634459495544e-02
-9.374050498008728027e-01
-6.114742755889892578e-01
-1.317401647567749023e+00
-4.428116679191589355e-01
-4.592566788196563721e-01
1.649246662855148315e-01
-5.639871358871459961e-01
-1.045219779014587402e+00
-1.415827989578247070e+00
-9.717252254486083984e-01
-1.211680412292480469e+00
7.060180306434631348e-01
-1.134632349014282227e+00
-1.503088712692260742e+00
-3.348127305507659912e-01
-1.049811124801635742e+00
-9.381790757179260254e-01
-4.203074872493743896e-01
-9.026581048965454102e-01
-1.142172336578369141e+00
-1.289746403694152832e+00
-1.471141815185546875e+00
-1.043635606765747070e+00
-1.145854115486145020e+00
-8.146528005599975586e-01
-1.185781240463256836e+00
-9.616362452507019043e-01
1.839252114295959473e-01
-7.605185508728027344e-01
-1.222415328025817871e+00
-6.949930787086486816e-01
-3.231404125690460205e-01
3.622751235961914062e-01
-2.624905705451965332e-01
-7.008003592491149902e-01
-8.511587977409362793e-01
-2.293395251035690308e-01
-1.770759075880050659e-01
-1.135853290557861328e+00
4.276112020015716553e-01
-1.999696731567382812e+00
-1.051487445831298828e+00
-6.840213537216186523e-01
-4.943085014820098877e-01
-1.278196096420288086e+00
-7.785102128982543945e-01
-1.110850095748901367e+00
-9.260178208351135254e-01
-7.821399569511413574e-01
-8.314493298530578613e-01
-8.906655907630920410e-01
-1.037948608398437500e+00
-1.804125666618347168e+00
-1.893934845924377441e+00
-1.105186820030212402e+00
-1.031411767005920410e+00
-1.368477702140808105e+00
-1.597033619880676270e+00
-8.760712146759033203e-01
2.122353315353393555e-01
-1.264865398406982422e+00
-1.193764209747314453e+00
-1.179048895835876465e+00
-1.428743600845336914e+00
-7.425129413604736328e-01
-2.021564006805419922e+00
-1.057195544242858887e+00
-9.701369404792785645e-01
-1.004648685455322266e+00
3.809322416782379150e-01
-1.399101495742797852e+00
-8.193662166595458984e-01
-4.966393709182739258e-01
-6.609147191047668457e-01
-6.027774214744567871e-01
-6.762651801109313965e-01
-1.227545142173767090e+00
-8.696465492248535156e-01
-9.499526023864746094e-01
-1.074965953826904297e+00
-7.389538288116455078e-01
-9.733912348747253418e-01
-6.301602125167846680e-01
-6.872196793556213379e-01
-8.101556897163391113e-01
-1.195703387260437012e+00
-1.255038142204284668e+00
-4.357594251632690430e-01
-8.302224874496459961e-01
-1.060726761817932129e+00
-7.920342087745666504e-01
-1.025327563285827637e+00
-1.377230763435363770e+00
-9.174296855926513672e-01
-8.273923993110656738e-01
-4.016805291175842285e-01
-7.132891416549682617e-01
-1.124824881553649902e+00
-1.167305707931518555e+00
-7.980573773384094238e-01
-1.392639875411987305e+00
-4.358614087104797363e-01
-1.410422444343566895e+00
-8.814969658851623535e-01
-8.604407906532287598e-01
-1.407429099082946777e+00
-1.169640183448791504e+00
-5.809395313262939453e-01
-6.738810539245605469e-01
-1.281232833862304688e+00
-1.293239116668701172e+00
-9.949725270271301270e-01
-5.686242580413818359e-01
-8.523189425468444824e-01
-6.014977097511291504e-01
-1.703554987907409668e+00
-9.476510882377624512e-01
-1.373028993606567383e+00
-1.106873631477355957e+00
-4.634929001331329346e-01
-9.349322319030761719e-01
-8.807339668273925781e-01
-1.450159907341003418e+00
-5.426580905914306641e-01
-9.886717200279235840e-01
-1.116746902465820312e+00
-1.145309567451477051e+00
-7.000763416290283203e-01
-9.948627948760986328e-01
-6.474761366844177246e-01
-2.028310060501098633e+00
4.761831760406494141e-01
-6.670057177543640137e-01
-3.004001975059509277e-01
-6.566606163978576660e-01
-7.305341362953186035e-01
4.611212387681007385e-02
-8.057488799095153809e-01
-2.658881664276123047e+00
-1.658185482025146484e+00
-2.798682928085327148e+00
-8.550251722335815430e-01
-7.620155215263366699e-01
-7.312670350074768066e-01
-1.341837763786315918e+00
-5.767187476158142090e-01
-2.490638971328735352e+00
-8.630760908126831055e-01
-7.170540690422058105e-01
-8.729963898658752441e-01
-1.270640373229980469e+00
-1.339161276817321777e+00
-9.204784035682678223e-01
-1.424566507339477539e+00
-9.264280796051025391e-01
-7.080944776535034180e-01
-1.167900800704956055e+00
-9.238616228103637695e-01
2.974080443382263184e-01
-9.262941479682922363e-01
-1.288904547691345215e+00
-1.151560425758361816e+00
-1.228416323661804199e+00
-6.425167322158813477e-01
-1.879430532455444336e+00
1.369169712066650391e+00
-8.985288143157958984e-01
-1.718070864677429199e+00
-7.254373431205749512e-01
-8.124945163726806641e-01
-7.823528647422790527e-01
-1.091658115386962891e+00
-8.348399996757507324e-01
-9.186913371086120605e-01
-8.095700740814208984e-01
-6.309424638748168945e-01
-1.105831861495971680e+00
-1.383691310882568359e+00
-1.340355515480041504e+00
-9.227769970893859863e-01
-1.064810633659362793e+00
-8.942976593971252441e-01
-1.572176456451416016e+00
-3.148122727870941162e-01
2.426688969135284424e-01
-9.414789080619812012e-01
-1.642593145370483398e+00
-5.084039568901062012e-01
-6.413860917091369629e-01
-1.137404203414916992e+00
-5.401546359062194824e-01
-1.004813551902770996e+00
2.251994609832763672e+00
-7.341224670410156250e+00
-4.042303860187530518e-01
-2.510136842727661133e+00
-9.799753427505493164e-01
-8.374915122985839844e-01
-1.266477704048156738e+00
-1.162361621856689453e+00
-9.813914299011230469e-01
2.511839270591735840e-01
-8.593803644180297852e-01
-7.193204760551452637e-01
-2.812172174453735352e+00
-2.331788837909698486e-01
-8.164480328559875488e-01
-8.184705376625061035e-01
-1.342286109924316406e+00
-1.072784066200256348e+00
-8.053222894668579102e-01
-1.099793672561645508e+00
-1.407133579254150391e+00
-9.947223663330078125e-01
-1.339646220207214355e+00
-1.310720443725585938e+00
-1.728389978408813477e+00
-6.982649564743041992e-01
-2.242474079132080078e+00
-1.008867144584655762e+00
2.318864822387695312e+00
-1.843877077102661133e+00
-1.400436758995056152e+00
-1.056532025337219238e+00
-1.484018683433532715e+00
-8.377049565315246582e-01
-6.781833171844482422e-01
-1.251933097839355469e+00
-9.795567989349365234e-01
-8.675556778907775879e-01
2.959022223949432373e-01
-1.571806550025939941e+00
-1.702774882316589355e+00
-8.301040530204772949e-01
-1.340662956237792969e+00
3.543214797973632812e-01
-7.368157505989074707e-01
-5.163105726242065430e-01
-7.622916102409362793e-01
-2.044331133365631104e-01
-7.053616046905517578e-01
-1.153094768524169922e+00
-1.377420186996459961e+00
-7.868773937225341797e-01
-8.189677000045776367e-01
-1.564902067184448242e+00
-7.666780352592468262e-01
-1.265772342681884766e+00
2.628438711166381836e+00
-8.816312998533248901e-02
-1.531874895095825195e+00
-8.751001954078674316e-01
-9.181207418441772461e-01
-6.514134407043457031e-01
-5.796349644660949707e-01
-7.156962752342224121e-01
-1.164656043052673340e+00
3.326581954956054688e+00
-9.037801623344421387e-01
-1.789618849754333496e+00
-7.312347888946533203e-01
-1.380174160003662109e+00
-1.109469413757324219e+00
-2.018594264984130859e+00
-1.262115120887756348e+00
-1.241363763809204102e+00
-9.239622950553894043e-01
2.692478299140930176e-01
-1.404552817344665527e+00
-6.645900607109069824e-01
-1.374491810798645020e+00
-1.460395336151123047e+00
-1.076705813407897949e+00
-4.938621222972869873e-01
-1.481841802597045898e+00
-7.075033783912658691e-01
-5.628328919410705566e-01
-7.825724482536315918e-01
-8.014858961105346680e-01
-1.160556435585021973e+00
-8.363648653030395508e-01
-9.274371862411499023e-01
-1.078834056854248047e+00
-1.030005455017089844e+00
1.927011162042617798e-01
-9.372958540916442871e-01
-9.478837847709655762e-01
-3.835627138614654541e-01
-1.884485483169555664e-01
-8.478302508592605591e-02
-1.390989303588867188e+00
-8.029099702835083008e-01
-2.688851952552795410e-01
-7.523801922798156738e-01
-1.132877469062805176e+00
-1.661734700202941895e+00
-7.328500151634216309e-01
-1.129877686500549316e+00
-8.978916406631469727e-01
-1.212262392044067383e+00
-1.436630368232727051e+00
-7.760975956916809082e-01
-1.375617623329162598e+00
-9.824333190917968750e-01
-1.909134507179260254e+00
-5.799165368080139160e-01
