-1.392660021781921387e+00
-1.086930871009826660e+00
-1.267367362976074219e+00
-1.664392948150634766e+00
-1.273103475570678711e+00
-5.719354748725891113e-01
-1.114428400993347168e+00
-3.134772181510925293e-01
-8.137189745903015137e-01
-1.422577619552612305e+00
-1.067846894264221191e+00
-4.154751300811767578e-01
-1.788996100425720215e+00
-6.139568686485290527e-01
-6.796009540557861328e-01
-1.125502347946166992e+00
-5.192487239837646484e-01
-1.003205180168151855e+00
-1.954282045364379883e+00
-5.481070876121520996e-01
-7.401130795478820801e-01
-3.255179524421691895e-01
-1.204244732856750488e+00
-7.717778682708740234e-01
2.930044829845428467e-01
-7.400804758071899414e-01
-6.003668904304504395e-01
-1.251989245414733887e+00
-1.226802468299865723e+00
-3.769542872905731201e-01
-1.150026321411132812e+00
-9.978793263435363770e-01
-1.294779777526855469e+00
-6.128546595573425293e-01
-1.007455110549926758e+00
-8.765726089477539062e-01
-1.053952455520629883e+00
-1.272086739540100098e+00
-1.211747765541076660e+00
-5.894567370414733887e-01
-1.233217239379882812e+00
-1.040192008018493652e+00
-1.319561719894409180e+00
-1.044906020164489746e+00
-1.457143425941467285e+00
-1.398061633110046387e+00
-9.566543698310852051e-01
-8.503676056861877441e-01
-9.643414616584777832e-01
-9.971935153007507324e-01
-1.015451908111572266e+00
-1.054747104644775391e+00
-3.071061335504055023e-02
-1.208262324333190918e+00
-1.636090397834777832e+00
-4.499884843826293945e-01
-1.498644948005676270e+00
-4.861133396625518799e-01
-8.789697289466857910e-01
-1.690086007118225098e+00
-3.901758790016174316e-01
-6.990672945976257324e-01
-1.245995163917541504e+00
-7.457818388938903809e-01
-1.497951865196228027e+00
-1.202896833419799805e+00
-7.745690941810607910e-01
-7.140545248985290527e-01
-9.163325428962707520e-01
-8.123294711112976074e-01
-1.053501963615417480e+00
-1.085541605949401855e+00
-1.003309726715087891e+00
-9.519026279449462891e-01
-8.382624983787536621e-01
-5.466330647468566895e-01
-7.904229164123535156e-01
-6.326898932456970215e-02
-8.258519172668457031e-01
-1.220883369445800781e+00
-1.139633536338806152e+00
-1.035787940025329590e+00
-1.059703826904296875e-01
-8.875236511230468750e-01
-3.491934537887573242e-01
-1.367487907409667969e+00
-6.666955947875976562e-01
-6.096243262290954590e-01
-1.095899820327758789e+00
-6.921666860580444336e-01
-1.516103506088256836e+00
-8.848357796669006348e-01
-1.413640022277832031e+00
-2.076527357101440430e+00
-1.551447868347167969e+00
-1.215417027473449707e+00
-1.156781554222106934e+00
-1.029501676559448242e+00
-4.058167338371276855e-02
-1.119828581809997559e+00
-4.890495836734771729e-01
-1.163121223449707031e+00
-8.169271349906921387e-01
-8.179907798767089844e-01
-4.421382844448089600e-01
-7.546448707580566406e-01
-1.543713092803955078e+00
-5.164217948913574219e-01
-1.075823307037353516e+00
-1.017663002014160156e+00
-1.002390503883361816e+00
3.415736913681030273e+00
-1.126456737518310547e+00
9.396563172340393066e-01
-6.814278364181518555e-01
-1.474170923233032227e+00
-7.201556563377380371e-01
-1.451159000396728516e+00
-5.992752313613891602e-01
-1.466922163963317871e+00
-1.239338636398315430e+00
-1.321319222450256348e+00
-9.639708399772644043e-01
-1.424356818199157715e+00
-1.727674961090087891e+00
-9.337325096130371094e-01
-1.047557115554809570e+00
-6.270531415939331055e-01
-1.693086862564086914e+00
-2.364664316177368164e+00
2.791852653026580811e-01
-1.027839303016662598e+00
-1.467190831899642944e-01
-2.624620437622070312e+00
-4.229903519153594971e-01
-9.741129279136657715e-01
-7.488799691200256348e-01
-9.147270321846008301e-01
-1.086665272712707520e+00
-9.717404842376708984e-01
-1.062115311622619629e+00
-1.102385044097900391e+00
-8.607174158096313477e-01
1.541370451450347900e-01
-5.268406867980957031e-01
-1.117014527320861816e+00
-8.558521866798400879e-01
-1.480232477188110352e+00
-1.717660665512084961e+00
-1.386308968067169189e-01
-1.243734240531921387e+00
-1.969617486000061035e+00
-1.386457562446594238e+00
-1.081615090370178223e+00
-6.422042846679687500e-01
-6.715646982192993164e-01
-1.313700199127197266e+00
-1.074319362640380859e+00
-9.095881581306457520e-01
-1.072239518165588379e+00
-9.842954874038696289e-01
-7.446851730346679688e-01
-1.115075945854187012e+00
-1.222511768341064453e+00
-9.254524707794189453e-01
-9.027676582336425781e-01
-1.116866350173950195e+00
-4.204126074910163879e-02
-6.927428841590881348e-01
-1.152385115623474121e+00
-1.167571187019348145e+00
-8.828324079513549805e-01
-1.452992320060729980e+00
-1.726458549499511719e+00
-1.262733340263366699e+00
-7.406566143035888672e-01
-8.789262771606445312e-01
-7.689276218414306641e+00
-1.511591196060180664e+00
-9.844194650650024414e-01
-7.834434509277343750e-01
-1.182103037834167480e+00
-9.412707686424255371e-01
-1.090820908546447754e+00
-3.688072562217712402e-01
-1.367525815963745117e+00
-1.084609031677246094e+00
3.519797027111053467e-01
-9.808087944984436035e-01
-1.430004835128784180e+00
-1.127125144004821777e+00
-6.652248501777648926e-01
-1.913838148117065430e+00
-4.462995231151580811e-01
-1.606060028076171875e+00
-1.859526991844177246e+00
1.918149143457412720e-01
-1.122613310813903809e+00
-7.287647724151611328e-01
-8.733149766921997070e-01
-7.295832633972167969e-01
-9.986860752105712891e-01
-6.231614351272583008e-01
-9.026868939399719238e-01
4.337675094604492188e+00
-1.085134983062744141e+00
-1.236621141433715820e-01
-8.377984166145324707e-01
-1.187487602233886719e+00
-4.797417521476745605e-01
-1.276518225669860840e+00
-8.417480587959289551e-01
-1.156258106231689453e+00
-9.558326601982116699e-01
-5.776278376579284668e-01
-9.628421068191528320e-01
5.808619856834411621e-01
-1.451337099075317383e+00
-9.944952726364135742e-01
-1.042584180831909180e+00
-6.133977770805358887e-01
-1.365454673767089844e+00
-1.156948089599609375e+00
-7.897137403488159180e-01
-7.981462478637695312e-01
-5.235604047775268555e-01
-1.210120439529418945e+00
-7.910949587821960449e-01
1.884618103504180908e-01
-1.617186307907104492e+00
-1.254915118217468262e+00
-9.145424962043762207e-01
-9.640547633171081543e-01
-6.556008458137512207e-01
-9.253860712051391602e-01
-1.496160030364990234e+00
-9.069878458976745605e-01
-8.832988142967224121e-01
-1.463805317878723145e+00
-1.237514019012451172e+00
-1.555031657218933105e+00
-1.197382569313049316e+00
-5.443431138992309570e-01
-9.007616043090820312e-01
-1.665610432624816895e+00
-6.273712515830993652e-01
-1.234466314315795898e+00
-1.416310787200927734e+00
-9.161813855171203613e-01
-2.433537840843200684e-01
5.136767625808715820e-01
-1.184780597686767578e+00
-7.679922580718994141e-01
-1.603986620903015137e+00
-1.639032244682312012e+00
-8.532395362854003906e-01
-8.991914987564086914e-01
-8.786584734916687012e-01
-2.219115734100341797e+00
-1.951959609985351562e+00
-9.101671576499938965e-01
-1.254873394966125488e+00
-1.099490404129028320e+00
-8.803145885467529297e-01
-1.833177089691162109e+00
-6.990757584571838379e-01
5.983628630638122559e-01
-9.420295357704162598e-01
-8.584887385368347168e-01
-1.633103966712951660e+00
-4.798037409782409668e-01
-4.392423853278160095e-02
-1.366020917892456055e+00
-1.075804471969604492e+00
-5.618920326232910156e-01
-1.143478512763977051e+00
-8.760337829589843750e-01
-8.407447934150695801e-01
-1.522351980209350586e+00
-7.196459770202636719e-01
-1.543186902999877930e+00
-1.062451124191284180e+00
3.103828430175781250e-01
-5.900101661682128906e-01
-1.675305962562561035e+00
-6.356574892997741699e-01
-1.326092362403869629e+00
-3.295022845268249512e-01
-6.507644057273864746e-01
-9.384610056877136230e-01
-1.212700724601745605e+00
-1.033664107322692871e+00
-7.266637086868286133e-01
-4.714726507663726807e-01
-1.193436503410339355e+00
-1.160392403602600098e+00
-1.153936743736267090e+00
-1.186846733093261719e+00
-1.439853668212890625e+00
-1.042399764060974121e+00
-8.505538105964660645e-01
-6.117451786994934082e-01
6.618725657463073730e-01
-8.615951538085937500e-01
4.139569401741027832e-01
5.808745622634887695e-01
-8.453501462936401367e-01
6.675479412078857422e-01
-8.204486370086669922e-01
-8.487502336502075195e-01
-6.175463795661926270e-01
-7.038305401802062988e-01
-4.192847907543182373e-01
-1.200588822364807129e+00
-1.375410556793212891e+00
-8.524950742721557617e-01
-8.100110292434692383e-01
-4.677116870880126953e-01
-9.482496380805969238e-01
2.168971151113510132e-01
