8.429040759801864624e-02
9.085381031036376953e-01
1.079386845231056213e-02
5.740982294082641602e-02
3.169002830982208252e-01
1.016104370355606079e-01
-2.310079038143157959e-01
-3.819014877080917358e-02
3.053979575634002686e-02
-6.300780922174453735e-02
-2.286909380927681923e-03
4.350757226347923279e-02
1.191426590085029602e-01
-1.248953305184841156e-02
7.635617256164550781e-02
7.576424479484558105e-01
3.600005060434341431e-03
1.371986716985702515e-01
2.657979167997837067e-02
7.722262144088745117e-01
1.646812260150909424e-02
1.277112364768981934e-01
-2.655860036611557007e-02
-9.386385977268218994e-02
-9.089390933513641357e-02
2.209272235631942749e-01
-7.336195558309555054e-03
-1.769321784377098083e-02
-1.995492540299892426e-02
2.876849146559834480e-03
-8.618688583374023438e-02
-1.280883997678756714e-01
-2.754633501172065735e-02
-3.247491642832756042e-02
6.363034248352050781e-02
6.321904808282852173e-02
-2.672546505928039551e-01
-9.971400722861289978e-03
2.599903196096420288e-02
5.760017633438110352e-01
-5.014709196984767914e-03
-1.903932914137840271e-02
-1.869449950754642487e-02
-4.188650473952293396e-02
8.502879738807678223e-01
-2.480282783508300781e-01
-9.197360277175903320e-02
-2.832112312316894531e-01
-1.184346899390220642e-01
1.000270247459411621e-01
-8.042909204959869385e-02
-2.659781277179718018e-01
-4.176177084445953369e-02
3.534157760441303253e-03
2.307177037000656128e-01
-4.384791851043701172e-02
-6.025104224681854248e-02
3.143142908811569214e-02
1.840781420469284058e-02
4.128403216600418091e-02
-7.299986667931079865e-03
1.956900814548134804e-03
-2.278681546449661255e-01
-1.923598796129226685e-01
4.502119123935699463e-01
-1.723157167434692383e-01
7.555794715881347656e-02
3.103874623775482178e-01
-5.272608995437622070e-02
1.296784281730651855e-01
6.210635304450988770e-01
-2.966876924037933350e-01
2.161988765001296997e-01
-1.476684957742691040e-01
3.909716382622718811e-02
-2.166368253529071808e-02
8.657217770814895630e-02
3.433276116847991943e-01
7.410752028226852417e-02
3.273917362093925476e-02
3.464994728565216064e-01
9.048986434936523438e-01
-7.751672714948654175e-02
-5.991074442863464355e-02
-1.465875748544931412e-02
-3.490972891449928284e-02
-1.510123848915100098e+00
1.180290728807449341e-01
-4.759408533573150635e-02
-1.249170973896980286e-01
-1.830538734793663025e-02
-2.091247886419296265e-01
-4.436346516013145447e-02
8.735392987728118896e-02
-1.022677496075630188e-01
6.197197735309600830e-02
-9.363509714603424072e-02
8.878409862518310547e-02
3.402711451053619385e-01
-1.338151376694440842e-02
1.550831049680709839e-01
6.284642219543457031e-02
5.575565621256828308e-02
6.501060724258422852e-01
6.729338318109512329e-02
2.329393848776817322e-02
-1.320311147719621658e-02
-2.806521952152252197e-01
7.492379844188690186e-02
-6.939044594764709473e-02
9.957063198089599609e-02
-1.100307583808898926e+00
6.664308905601501465e-01
5.369050800800323486e-02
-6.855171173810958862e-02
-1.058392897248268127e-01
7.947070524096488953e-03
7.520881015807390213e-03
8.501059375703334808e-03
-1.594216935336589813e-02
-1.078815609216690063e-01
-2.567760460078716278e-02
-2.716905474662780762e-01
5.404555425047874451e-02
-2.288249507546424866e-02
-1.975629329681396484e-01
2.278971485793590546e-03
1.402645651251077652e-02
9.147633612155914307e-02
-2.261199355125427246e-01
4.282054677605628967e-02
-4.583196714520454407e-02
-2.239089012145996094e-01
-2.116063684225082397e-01
1.397074818611145020e+00
-2.564531564712524414e-01
1.883956193923950195e-01
-6.401717662811279297e-02
1.751969158649444580e-01
-1.421967893838882446e-01
3.231966197490692139e-01
7.334183901548385620e-02
-6.438860297203063965e-01
-5.030411109328269958e-02
-1.324542909860610962e-01
-2.210990525782108307e-02
3.634377419948577881e-01
3.346238732337951660e-01
-2.984252572059631348e-01
-4.743258655071258545e-02
1.074938662350177765e-02
-1.149233132600784302e-01
-4.826344177126884460e-02
-1.181053668260574341e-01
1.594015397131443024e-02
3.771172463893890381e-02
-2.714960463345050812e-02
-2.202515304088592529e-02
3.240345120429992676e-01
-1.290151290595531464e-02
-2.148250639438629150e-01
-3.654770925641059875e-02
9.174598962999880314e-04
1.514177024364471436e-01
-1.191258132457733154e-01
-4.641155526041984558e-02
1.785083860158920288e-01
1.154850423336029053e-01
-1.776792407035827637e-01
1.244553774595260620e-01
-3.398278355598449707e-02
-4.297459423542022705e-01
-2.956553921103477478e-02
3.591778295231051743e-05
-1.519438177347183228e-01
6.153228878974914551e-01
3.464639186859130859e-02
-4.794790409505367279e-03
-1.468702852725982666e-01
-4.198983311653137207e-01
-7.444350719451904297e-01
1.782583743333816528e-01
6.809266656637191772e-02
-1.667807847261428833e-01
-1.417561471462249756e-01
1.559002324938774109e-02
4.930211696773767471e-03
-1.023421529680490494e-02
2.669995592441409826e-04
-9.214709699153900146e-02
-5.746258422732353210e-02
-3.465592265129089355e-01
1.420256197452545166e-01
-2.111739069223403931e-01
-1.761655062437057495e-01
-1.229948326945304871e-01
-2.064449638128280640e-01
3.397534787654876709e-02
-8.969054371118545532e-02
4.750601015985012054e-03
7.510287687182426453e-03
6.703884005546569824e-01
-9.203366003930568695e-03
-1.405423041433095932e-02
-1.268776413053274155e-02
-8.938752859830856323e-02
-3.820125758647918701e-02
-1.910687610507011414e-02
1.760011352598667145e-02
-1.689234077930450439e-01
-3.300192058086395264e-01
1.161526679992675781e+00
5.623824149370193481e-02
1.079700365662574768e-01
-3.185841739177703857e-01
-2.981589436531066895e-01
1.216599270701408386e-01
-9.309044480323791504e-02
8.280103653669357300e-02
3.961178660392761230e-02
9.452550113201141357e-02
-5.606885552406311035e-01
-1.557781994342803955e-01
-3.181367218494415283e-01
2.405939064919948578e-02
-4.233279526233673096e-01
-2.081435918807983398e-01
-1.849863290786743164e+00
-2.620273828506469727e-02
9.866768121719360352e-02
-5.961250141263008118e-02
1.441024988889694214e-01
3.612433075904846191e-01
7.888517379760742188e-01
2.040392905473709106e-01
8.987191133201122284e-03
-7.527345325797796249e-03
-1.119487211108207703e-01
-8.725676685571670532e-02
-4.375159740447998047e-02
3.553791344165802002e-01
6.342352628707885742e-01
-7.951768487691879272e-02
-1.911126524209976196e-01
9.176774881780147552e-03
-4.536936432123184204e-02
1.824809014797210693e-01
4.990093111991882324e-01
-7.758312821388244629e-01
-2.850651368498802185e-02
-3.176886141300201416e-01
8.569415807723999023e-01
6.482672691345214844e-01
-1.077092736959457397e-01
-2.815615236759185791e-01
2.619440257549285889e-01
2.130741775035858154e-01
-1.818843245506286621e+00
-2.695703133940696716e-02
-7.905010133981704712e-02
2.664524363353848457e-04
-2.405058741569519043e-01
-1.143674948252737522e-03
4.594832193106412888e-03
-1.850183680653572083e-02
-3.747222572565078735e-02
-1.359275635331869125e-02
-1.579659879207611084e-01
-1.132436171174049377e-01
9.078030288219451904e-02
-2.004148215055465698e-01
-8.864984847605228424e-04
3.979180753231048584e-02
5.686232447624206543e-02
-1.104036331176757812e+00
-1.978239510208368301e-03
1.924753189086914062e-01
-2.113132029771804810e-01
4.576499387621879578e-02
-4.196358919143676758e-01
-2.398143261671066284e-01
-6.976139266043901443e-03
-1.338611721992492676e+00
-4.377454146742820740e-02
-3.678833134472370148e-03
-2.151979207992553711e-01
-2.690047025680541992e-01
-5.864970684051513672e-01
2.150643020868301392e-01
-2.532145977020263672e-01
9.908697754144668579e-02
-9.852907620370388031e-03
-1.476956456899642944e-01
-3.088311105966567993e-02
3.208622336387634277e-02
-2.232735157012939453e-01
-1.974046975374221802e-01
-4.773091897368431091e-02
4.865547176450490952e-03
4.903208836913108826e-02
6.603658199310302734e-02
7.182500790804624557e-03
-1.880812793970108032e-01
1.412889361381530762e-01
-3.562160581350326538e-02
4.050340950489044189e-01
6.749048829078674316e-02
-4.414933547377586365e-02
-7.510993164032697678e-03
-1.646602898836135864e-01
-1.048145536333322525e-02
-1.960212290287017822e-01
5.982891097664833069e-02
2.366122044622898102e-02
1.708026416599750519e-02
-2.193505465984344482e-01
-8.008853346109390259e-02
6.772954761981964111e-02
-5.126346834003925323e-03
6.307998299598693848e-02
