-2.350800037384033203e-01
1.428004741668701172e+00
2.713874354958534241e-02
4.685762105509638786e-04
-1.191301085054874420e-02
8.409263566136360168e-03
3.881113231182098389e-01
2.950499653816223145e-01
-3.981898427009582520e-01
1.331323012709617615e-02
-5.019841715693473816e-02
2.896640822291374207e-02
1.643733382225036621e-01
-8.240325748920440674e-02
-1.411430351436138153e-02
-1.903008669614791870e-01
4.433590173721313477e-02
4.831618815660476685e-02
6.483110785484313965e-01
2.373027801513671875e+00
3.621087074279785156e-01
-5.674516409635543823e-02
-2.324976213276386261e-02
-1.760499738156795502e-02
3.774948716163635254e-01
9.101958274841308594e-01
2.768258936703205109e-02
-9.336587041616439819e-02
-2.518505603075027466e-02
1.424694061279296875e-01
-7.904123514890670776e-03
-1.561112981289625168e-02
-1.773195527493953705e-02
-3.318499326705932617e-01
9.672392159700393677e-02
-4.423175454139709473e-01
4.023124873638153076e-01
-6.767153739929199219e-02
-3.699583932757377625e-02
-2.898504212498664856e-02
6.045286729931831360e-02
-3.952533900737762451e-01
-1.912342198193073273e-02
-4.208183288574218750e-01
-1.404946893453598022e-01
8.510965853929519653e-02
-5.848148372024297714e-03
4.197888821363449097e-02
-2.949650287628173828e-01
-9.323925524950027466e-02
-1.495260298252105713e-01
1.140155315399169922e+00
-5.230959970504045486e-03
5.415381863713264465e-02
2.388924956321716309e-01
2.231386899948120117e-01
-9.983392059803009033e-02
1.715664267539978027e-01
2.466337010264396667e-02
5.514942109584808350e-02
-1.163395307958126068e-02
4.731895402073860168e-02
1.843400597572326660e-01
-1.734636276960372925e-01
-1.748658483847975731e-03
1.967153549194335938e-01
-6.960957497358322144e-02
4.430506527423858643e-01
-3.446734547615051270e-01
-1.453953266143798828e+00
-4.183177370578050613e-03
5.681399106979370117e-01
1.673636212944984436e-02
2.491092383861541748e-01
2.431480912491679192e-03
9.675500541925430298e-02
1.530875265598297119e-01
-3.571101427078247070e-01
-1.660747267305850983e-02
3.169557312503457069e-03
2.052187770605087280e-01
2.303914576768875122e-01
7.781824469566345215e-01
2.179463654756546021e-01
9.764299988746643066e-01
6.128846406936645508e-01
-7.561363577842712402e-01
6.597167253494262695e-02
1.088615134358406067e-02
3.494656085968017578e-02
7.879546284675598145e-02
-1.993914842605590820e-01
-2.604278922080993652e-01
-4.110239744186401367e-01
-8.215744048357009888e-02
-7.206611800938844681e-03
2.946402132511138916e-02
-1.095974147319793701e-01
-7.923296093940734863e-02
-1.651858985424041748e-01
1.779851503670215607e-02
6.746007595211267471e-03
7.393734902143478394e-02
5.077850446105003357e-02
-2.473100870847702026e-01
6.484961509704589844e-02
-3.580894693732261658e-02
3.730329126119613647e-02
5.283439159393310547e-02
-1.414065808057785034e-01
4.402180314064025879e-01
-3.392912745475769043e-01
-5.122493021190166473e-03
-3.917755484580993652e-01
1.821900457143783569e-01
4.939690977334976196e-02
-9.337694197893142700e-02
-9.698387235403060913e-02
-7.021705154329538345e-03
2.185463905334472656e-02
-3.333437442779541016e-01
-1.751248389482498169e-01
-1.155312210321426392e-01
-5.040192604064941406e-02
8.463457226753234863e-03
1.884704232215881348e-01
-2.853582203388214111e-01
-4.823873459827154875e-04
-5.269592627882957458e-03
1.659671217203140259e-01
1.014754652976989746e+00
-4.030266031622886658e-02
2.090846933424472809e-02
-1.777268201112747192e-02
-4.546096622943878174e-01
-4.836055636405944824e-02
-3.075304068624973297e-02
-5.122700333595275879e-01
4.178467392921447754e-02
-2.914760960265994072e-03
-5.723097547888755798e-02
-1.919649988412857056e-01
-2.987370640039443970e-02
1.033473573625087738e-02
1.349287014454603195e-02
-6.125003099441528320e-02
1.312373131513595581e-01
1.010197773575782776e-02
3.142892196774482727e-02
-1.904990673065185547e-01
-6.764403078705072403e-03
2.372396737337112427e-01
-1.217009406536817551e-02
-1.188451200723648071e-01
1.145423576235771179e-02
-4.023039340972900391e-02
3.743239045143127441e-01
-1.025361567735671997e-02
1.711570024490356445e-01
-1.683636307716369629e-01
2.371166050434112549e-01
-3.628680482506752014e-02
5.364153906702995300e-02
-3.527197055518627167e-03
3.184763342142105103e-02
-3.725225478410720825e-02
-3.077732920646667480e-01
4.956121146678924561e-01
5.736622028052806854e-03
-1.682502031326293945e-01
-7.686244696378707886e-02
-3.281541168689727783e-03
-1.753616780042648315e-01
-1.774075329303741455e-01
1.470472514629364014e-01
3.404624760150909424e-01
-9.777560830116271973e-02
-1.406718730926513672e+00
-3.516053035855293274e-02
1.769941002130508423e-01
-6.771012544631958008e-01
-1.603852510452270508e-01
1.220164727419614792e-02
6.487926840782165527e-01
-1.286676805466413498e-02
-5.605716630816459656e-02
3.423955738544464111e-01
-7.997057400643825531e-03
7.413845509290695190e-02
-5.769065767526626587e-02
-3.782330825924873352e-02
-1.194684430956840515e-01
5.075525864958763123e-02
-1.596035249531269073e-02
4.319958090782165527e-01
-8.173561841249465942e-02
1.242066770792007446e-01
3.872031569480895996e-01
-2.793538197875022888e-02
-1.354760527610778809e-01
4.252996295690536499e-02
1.144700217992067337e-02
-3.135526180267333984e-01
1.999715864658355713e-01
1.059646457433700562e-01
1.894319616258144379e-02
4.239807426929473877e-01
-2.602304220199584961e-01
9.922707080841064453e-02
-2.075205594301223755e-01
3.697308599948883057e-01
4.724803194403648376e-02
-2.903276681900024414e-01
-2.115938961505889893e-01
2.794136060401797295e-03
1.214149035513401031e-02
-1.246202588081359863e-01
-8.778817206621170044e-02
-6.325066089630126953e-02
-1.739166676998138428e-02
-5.086221173405647278e-02
-7.101396322250366211e-01
-1.379531025886535645e-01
1.854804530739784241e-02
-3.265961632132530212e-02
-1.635397039353847504e-02
-3.464948832988739014e-01
-1.696209013462066650e-01
-3.431687057018280029e-01
-2.718772273510694504e-03
4.439701139926910400e-01
6.936483085155487061e-02
-4.174301400780677795e-02
-2.861440647393465042e-03
-2.860852777957916260e-01
1.873416639864444733e-02
-4.203566610813140869e-01
2.040532417595386505e-02
1.843183115124702454e-02
-3.889376763254404068e-03
-1.519797593355178833e-01
-7.045445591211318970e-02
3.892200067639350891e-02
-2.418774366378784180e-02
3.980930745601654053e-01
-1.002430394291877747e-01
-2.707344666123390198e-02
-1.347564309835433960e-01
-7.683973312377929688e-01
7.383308839052915573e-03
4.175416380167007446e-02
-2.629967033863067627e-01
-1.268635154701769352e-03
-1.095065996050834656e-01
3.135104104876518250e-02
5.020270589739084244e-03
-7.495715469121932983e-02
1.051740124821662903e-01
-7.588794082403182983e-02
9.490154683589935303e-03
1.514738500118255615e-01
-3.060420043766498566e-02
-6.136256828904151917e-02
-6.388510763645172119e-02
-1.044697910547256470e-01
5.945234894752502441e-01
-2.960100537165999413e-03
-1.609332710504531860e-01
-8.688809722661972046e-02
-3.159507215023040771e-01
1.052247639745473862e-02
9.597402811050415039e-02
2.561560869216918945e-01
-1.466462910175323486e-01
-1.845880299806594849e-01
5.336145311594009399e-02
1.446297466754913330e-01
-1.346889324486255646e-02
5.665799602866172791e-03
-4.762528464198112488e-02
-1.781272515654563904e-02
4.768116772174835205e-02
2.853403389453887939e-01
2.274958230555057526e-02
-4.728231951594352722e-02
2.500602975487709045e-02
-1.848352253437042236e-01
-2.175390347838401794e-02
6.845084428787231445e-01
4.667531326413154602e-02
-1.587920933961868286e-01
-1.276922941207885742e+00
-9.453144669532775879e-02
-5.263194441795349121e-01
6.220444571226835251e-03
-7.906132377684116364e-03
1.211767643690109253e-02
3.356682062149047852e-01
-9.732735343277454376e-03
-1.434008479118347168e-01
9.590204060077667236e-02
-6.918659061193466187e-02
6.516741961240768433e-02
1.352128386497497559e+00
-1.667589098215103149e-01
-1.695527434349060059e-01
-2.292047254741191864e-02
1.272519081830978394e-01
-1.239704340696334839e-01
6.617441028356552124e-02
7.511752843856811523e-02
-5.272664502263069153e-02
1.076648943126201630e-02
-7.146079093217849731e-02
-4.216032624244689941e-01
7.488760352134704590e-02
6.229427084326744080e-02
5.982182025909423828e-01
6.242993846535682678e-02
5.495200678706169128e-02
