-4.094306007027626038e-02
-1.019847467541694641e-01
6.050718575716018677e-02
-7.626986503601074219e-01
1.683858335018157959e-01
-1.776889801025390625e+00
-7.910459637641906738e-01
-8.452317118644714355e-01
2.249614894390106201e-01
3.716184198856353760e-02
2.000390365719795227e-02
5.453526601195335388e-02
7.196565270423889160e-01
-2.752978168427944183e-02
-1.792335510253906250e-02
-9.337091818451881409e-03
-4.601842910051345825e-02
-1.022705510258674622e-01
-1.174703985452651978e-01
5.037536621093750000e-01
-2.469993755221366882e-02
7.353333830833435059e-01
3.768934635445475578e-03
-2.538540363311767578e-01
1.642187088727951050e-01
-6.061646156013011932e-03
-4.643100779503583908e-03
-3.691988885402679443e-01
-1.772228777408599854e-01
-4.376778961159288883e-04
2.598613202571868896e-01
2.833037637174129486e-02
-1.146384999155998230e-01
2.226128727197647095e-01
9.387648105621337891e-02
-2.151418477296829224e-01
-4.292218387126922607e-02
-9.008523775264620781e-04
1.522068679332733154e-02
2.803147435188293457e-01
-2.986791078001260757e-04
1.057309359312057495e-01
1.138720065355300903e-01
5.340981297194957733e-03
-3.285426273941993713e-02
-2.927858196198940277e-02
-2.470171079039573669e-02
-1.149705238640308380e-02
6.069229841232299805e-01
8.234217762947082520e-03
-2.862277626991271973e-01
-2.923320233821868896e-01
-9.252051711082458496e-01
5.007633939385414124e-02
-1.520439684391021729e-01
-1.140345335006713867e-01
-6.415848731994628906e-01
6.678628176450729370e-02
2.984258113428950310e-03
-1.142745241522789001e-01
-1.403183192014694214e-01
1.389883756637573242e+00
-3.803188800811767578e-01
3.087559640407562256e-01
-1.422463506460189819e-01
-6.935179978609085083e-02
2.884903550148010254e-02
1.035748422145843506e-01
-4.310990124940872192e-02
2.437936216592788696e-01
-4.241157174110412598e-01
8.968705311417579651e-03
6.726683378219604492e-01
-6.357298046350479126e-02
-2.217465825378894806e-02
6.271498799324035645e-01
-5.105562806129455566e-01
-2.813712358474731445e-01
-3.367730602622032166e-02
-1.957000494003295898e-01
3.578795492649078369e-01
1.151742413640022278e-02
6.242554187774658203e-01
-3.880513310432434082e-01
6.142814178019762039e-03
-2.634984254837036133e-01
2.133140899240970612e-02
-5.337114334106445312e-01
-1.584173917770385742e+00
-1.968406140804290771e-02
-8.506207726895809174e-03
2.983529120683670044e-02
-2.415898144245147705e-01
-7.413762807846069336e-02
3.961744159460067749e-02
-1.736637204885482788e-01
-6.109134294092655182e-03
-4.594791308045387268e-02
-2.408375777304172516e-02
2.730636298656463623e-01
5.913943052291870117e-01
1.450362205505371094e-01
1.985969245433807373e-01
2.536049187183380127e-01
2.401183824986219406e-03
-4.394701868295669556e-02
4.961348772048950195e-01
-2.886547148227691650e-01
3.031790815293788910e-02
-4.404903650283813477e-01
1.133313104510307312e-01
7.364840805530548096e-02
-1.749322861433029175e-01
9.300739169120788574e-01
3.024632930755615234e-01
5.185055732727050781e-02
1.159908413887023926e+00
4.798034671694040298e-03
3.054474480450153351e-02
-3.571535348892211914e-01
1.038978248834609985e-02
-4.463364556431770325e-02
-2.594436705112457275e-01
1.415869127959012985e-02
1.732102185487747192e-01
-2.133274376392364502e-01
2.472723424434661865e-01
-1.159669518470764160e+00
3.396701812744140625e-01
7.260370999574661255e-03
-1.548356655985116959e-02
6.686564534902572632e-02
4.314821958541870117e-02
8.266972303390502930e-01
1.740453839302062988e-01
1.145812645554542542e-01
-1.502035930752754211e-02
-1.991521269083023071e-01
-6.129191517829895020e-01
-6.437098234891891479e-02
-1.554218828678131104e-01
2.092717774212360382e-02
2.668977081775665283e-01
1.070600450038909912e-01
3.809210658073425293e-02
-3.315175175666809082e-01
-4.025573134422302246e-01
-1.592706888914108276e-02
4.655057191848754883e-02
8.944375440478324890e-03
-1.982695460319519043e-01
-3.755251690745353699e-02
1.789301633834838867e-02
-8.937993645668029785e-02
5.111498013138771057e-02
3.508682847023010254e-01
-1.271948665380477905e-01
-5.031757801771163940e-02
1.016891226172447205e-01
-4.577895700931549072e-01
-6.144434958696365356e-02
-5.649686977267265320e-02
6.608935073018074036e-03
-1.744931749999523163e-02
1.773359999060630798e-02
7.708804309368133545e-02
-7.038204465061426163e-03
7.215657830238342285e-02
-2.444893419742584229e-01
-4.582665488123893738e-02
-2.304343879222869873e-02
-1.818226650357246399e-02
-2.462733536958694458e-01
2.934102714061737061e-02
1.173237562179565430e-01
6.840472109615802765e-03
-1.881487369537353516e-01
-3.287780582904815674e-01
2.129917293787002563e-01
-1.753523796796798706e-01
4.741325229406356812e-02
3.996092081069946289e-01
2.718170173466205597e-02
3.384428620338439941e-01
-2.519449889659881592e-01
-6.196264624595642090e-01
-3.092177212238311768e-01
4.503039717674255371e-01
9.331427812576293945e-01
9.600965422578155994e-04
-4.086354002356529236e-02
6.992760300636291504e-02
1.115078702569007874e-01
1.094314176589250565e-02
-1.888199895620346069e-01
2.561150789260864258e-01
8.922336101531982422e-01
-1.284499168395996094e-01
5.381069611757993698e-03
-2.738251686096191406e-01
1.259740948677062988e+00
-4.970676600933074951e-01
8.994337916374206543e-01
2.256823517382144928e-02
-3.263689205050468445e-02
3.879944980144500732e-02
-1.875770986080169678e-01
-5.166331529617309570e-01
-4.535270333290100098e-01
2.999927997589111328e-01
-5.908589810132980347e-02
1.147793829441070557e-01
-2.013867616653442383e+00
1.844459213316440582e-02
-4.963871464133262634e-02
4.631479084491729736e-01
-4.869972355663776398e-03
7.001056075096130371e-01
5.091875419020652771e-02
-5.559242367744445801e-01
-6.535694003105163574e-02
-3.345742821693420410e-02
-4.474438726902008057e-03
1.263169497251510620e-01
1.250235736370086670e-01
3.257603645324707031e-01
-1.145786046981811523e+00
-1.156344637274742126e-01
-2.830245494842529297e-01
-3.806885182857513428e-01
4.649602994322776794e-02
-2.249754592776298523e-02
-2.663811445236206055e-01
6.495212763547897339e-02
-3.492533862590789795e-01
1.813137531280517578e-01
-1.219525486230850220e-01
5.283036828041076660e-01
4.292111471295356750e-02
-9.833825826644897461e-01
-4.650253057479858398e-02
-5.021637082099914551e-01
-4.028117060661315918e-01
-1.948948055505752563e-01
1.141897495836019516e-02
-2.672396786510944366e-02
1.657881774008274078e-02
-5.543361231684684753e-02
2.918732464313507080e-01
-7.420319318771362305e-01
1.033197641372680664e-01
1.459564864635467529e-01
-1.781004816293716431e-01
-1.919230818748474121e-01
-6.476717442274093628e-02
-1.702753603458404541e-01
3.513389453291893005e-02
-2.745124697685241699e-01
-2.203492820262908936e-01
1.193015724420547485e-01
2.543039619922637939e-01
1.669611036777496338e-01
2.269945889711380005e-01
-1.059126108884811401e-02
-1.002150122076272964e-02
1.255402714014053345e-01
1.347041845321655273e+00
-2.081513553857803345e-01
-1.692406237125396729e-01
5.717239528894424438e-02
-2.887870073318481445e-01
-1.011666059494018555e-01
1.069315150380134583e-01
4.206668734550476074e-01
3.835501670837402344e-01
-1.070116683840751648e-01
4.859986007213592529e-01
-8.333878517150878906e-01
1.373322308063507080e-01
-1.599044539034366608e-02
2.172125577926635742e-01
-8.895425498485565186e-02
8.365611732006072998e-02
-4.824354052543640137e-01
-2.132135070860385895e-02
-2.009530663490295410e-01
5.896817147731781006e-02
-1.843987777829170227e-02
-1.584289711900055408e-03
6.761976331472396851e-02
3.916558623313903809e-02
1.156514510512351990e-02
-3.257951438426971436e-01
-3.892049789428710938e-01
2.678481340408325195e-01
-2.831676974892616272e-03
8.346579074859619141e-01
3.211573958396911621e-01
-2.100332640111446381e-02
1.400112733244895935e-02
4.577420651912689209e-02
1.024972319602966309e+00
-3.539574742317199707e-01
5.404047667980194092e-03
3.957761824131011963e-01
4.830062389373779297e-02
2.116161165758967400e-03
-1.674684882164001465e+00
-1.927945613861083984e-01
3.203884959220886230e-01
-8.905296027660369873e-02
1.304675787687301636e-01
-2.877279520034790039e-01
-6.460895389318466187e-02
-1.047775745391845703e-01
-1.798832602798938751e-02
-6.035811454057693481e-02
8.310623466968536377e-02
2.604627311229705811e-01
-5.941342562437057495e-02
