-1.002247452735900879e+00
-9.614759087562561035e-01
-4.991588294506072998e-01
-1.459948062896728516e+00
-6.081606149673461914e-01
-7.435513138771057129e-01
-3.196094036102294922e+00
-7.207203507423400879e-01
-2.973328113555908203e+00
-7.612333893775939941e-01
-1.040274620056152344e+00
-7.847648859024047852e-01
-8.696152567863464355e-01
-8.717490434646606445e-01
-7.695304751396179199e-01
-2.279613494873046875e+00
-1.391540288925170898e+00
-8.865095973014831543e-01
4.752084612846374512e-01
-8.289385437965393066e-01
-3.431942939758300781e+00
-1.041978955268859863e+00
-7.512156367301940918e-01
-9.240173101425170898e-01
-2.475426197052001953e+00
4.482033848762512207e-01
-1.016130685806274414e+00
-1.241112709045410156e+00
-4.187757372856140137e-01
-1.784606218338012695e+00
-9.886878728866577148e-01
-1.194755673408508301e+00
-1.288790225982666016e+00
-6.929967999458312988e-01
-1.173660278320312500e+00
-1.538724184036254883e+00
-1.066544175148010254e+00
-6.513600945472717285e-01
-4.967453777790069580e-01
-1.187605857849121094e+00
-6.216568946838378906e-01
-8.450802564620971680e-01
-7.741590738296508789e-01
-1.977346181869506836e+00
-1.086697936058044434e+00
-7.902786731719970703e-01
-2.386863827705383301e-01
-7.076685428619384766e-01
-1.318253278732299805e+00
-8.988320827484130859e-01
-1.438155055046081543e+00
-6.646567583084106445e-01
-1.168052911758422852e+00
-1.002764701843261719e+00
-8.634068369865417480e-01
-1.183003425598144531e+00
1.581934243440628052e-01
-9.121469259262084961e-01
-1.724449276924133301e+00
-9.227412343025207520e-01
-7.356813549995422363e-01
-1.323035120964050293e+00
-9.942830204963684082e-01
-1.895626068115234375e+00
-1.107110023498535156e+00
-8.691952228546142578e-01
-1.738175392150878906e+00
-2.943889200687408447e-01
-1.773373007774353027e+00
3.778859972953796387e-01
-1.043267607688903809e+00
4.215899705886840820e-01
-1.120629549026489258e+00
-1.020079851150512695e+00
-7.435167431831359863e-01
-1.183978557586669922e+00
-1.578383088111877441e+00
-2.600967168807983398e+00
-1.119441509246826172e+00
-4.526210725307464600e-01
2.320663481950759888e-01
-1.006757140159606934e+00
3.188648521900177002e-01
2.901105582714080811e-01
-7.122694253921508789e-01
1.987204551696777344e-01
3.167153894901275635e-01
-9.712151288986206055e-01
-1.657987713813781738e+00
-1.068604707717895508e+00
-6.872112154960632324e-01
-1.088062286376953125e+00
-1.199272274971008301e+00
-1.515851140022277832e+00
-1.492385387420654297e+00
-1.103302359580993652e+00
2.222495824098587036e-01
-1.062399983406066895e+00
-8.221954703330993652e-01
-1.074934244155883789e+00
-9.734650850296020508e-01
-9.652942419052124023e-01
-1.440515756607055664e+00
-8.253534436225891113e-01
-9.104441404342651367e-01
-1.082403898239135742e+00
-1.093078732490539551e+00
-9.552846550941467285e-01
-9.732682108879089355e-01
-2.013997077941894531e+00
-1.247395753860473633e+00
-7.782208323478698730e-01
-1.042598247528076172e+00
-8.873591423034667969e-01
-2.134608268737792969e+00
-1.131722927093505859e+00
-1.116187214851379395e+00
-1.012476563453674316e+00
-1.397421598434448242e+00
-6.765515208244323730e-01
-4.439965248107910156e+00
-1.021798849105834961e+00
-1.330478429794311523e+00
-1.343679070472717285e+00
-2.279111742973327637e-01
-7.097887396812438965e-01
-8.825710415840148926e-01
-4.527007639408111572e-01
-1.360512137413024902e+00
-3.127212822437286377e-01
3.086220324039459229e-01
-1.068710923194885254e+00
-7.742700576782226562e-01
-5.092857480049133301e-01
1.694699823856353760e-01
-8.879083991050720215e-01
-9.903296232223510742e-01
-8.759680986404418945e-01
-1.364464044570922852e+00
-5.640027672052383423e-02
-1.073702812194824219e+00
-5.359109878540039062e+00
-1.456907510757446289e+00
-1.270864844322204590e+00
-9.370539188385009766e-01
-9.605960845947265625e-01
-1.954950451850891113e+00
-1.588088750839233398e+00
-1.220655322074890137e+00
-8.349043130874633789e-01
9.512076154351234436e-03
-1.134845137596130371e+00
-6.161951422691345215e-01
-1.515573859214782715e+00
-8.169144988059997559e-01
-1.243018150329589844e+00
-1.127424478530883789e+00
-1.096506953239440918e+00
-1.423506736755371094e+00
-9.488825201988220215e-01
-1.482567787170410156e+00
-1.068772673606872559e+00
-1.098163604736328125e+00
-1.116275787353515625e+00
-1.089519977569580078e+00
-1.196106672286987305e+00
-1.377676248550415039e+00
-8.581546545028686523e-01
-1.731641411781311035e+00
-1.070278882980346680e+00
-1.079429864883422852e+00
-8.819597959518432617e-01
-1.176035046577453613e+00
-2.182494878768920898e+00
-1.609495043754577637e+00
4.805042445659637451e-01
-7.515804767608642578e-01
-4.368962049484252930e-01
-1.260579943656921387e+00
-1.430192112922668457e+00
1.069019198417663574e+00
-4.089967310428619385e-01
-1.520464539527893066e+00
2.730946838855743408e-01
-7.608870267868041992e-01
-1.275286078453063965e+00
-1.139069795608520508e+00
-1.108373880386352539e+00
-5.402127504348754883e-01
9.214930981397628784e-02
-8.305193185806274414e-01
1.773205548524856567e-01
-4.475325345993041992e-01
-1.222261548042297363e+00
-1.759981870651245117e+00
-1.024423718452453613e+00
2.281553149223327637e-01
-1.512136697769165039e+00
-1.732252120971679688e+00
-1.581450462341308594e+00
-1.349769234657287598e+00
-8.105249404907226562e-01
-1.751730799674987793e+00
-1.334022998809814453e+00
-1.082701206207275391e+00
-1.262660026550292969e+00
-1.245328187942504883e+00
-3.733302652835845947e-01
-8.584180474281311035e-01
-1.285422444343566895e+00
2.119221836328506470e-01
-1.158653974533081055e+00
3.404476940631866455e-01
-5.876097202301025391e+00
-1.079688787460327148e+00
-1.226722478866577148e+00
-1.242590665817260742e+00
-1.229618549346923828e+00
-1.774710059165954590e+00
-4.541364014148712158e-01
-1.204955220222473145e+00
-1.671407103538513184e+00
-2.509056329727172852e+00
-1.210526108741760254e+00
-1.044929265975952148e+00
-3.951348960399627686e-01
3.850997090339660645e-01
-1.188674926757812500e+00
2.940261960029602051e-01
-1.079454898834228516e+00
4.233643710613250732e-01
-9.867913126945495605e-01
-1.406506896018981934e+00
-1.323424726724624634e-01
-9.045161604881286621e-01
-6.936654448509216309e-01
2.172916829586029053e-01
-1.351502418518066406e+00
-8.575996160507202148e-01
-7.636699080467224121e-01
-1.371754288673400879e+00
-9.508057236671447754e-01
-8.125576972961425781e-01
-7.382408380508422852e-01
-9.261523485183715820e-01
-1.181138634681701660e+00
-9.956252574920654297e-01
-9.842357635498046875e-01
1.670028865337371826e-01
-1.381850481033325195e+00
-1.684151768684387207e+00
-1.415472149848937988e+00
-1.325069546699523926e+00
-8.023738265037536621e-01
-1.183561086654663086e+00
-8.768955469131469727e-01
-1.458795070648193359e+00
-1.469283819198608398e+00
-1.054575681686401367e+00
-8.305685520172119141e-01
-1.483421325683593750e+00
-8.902457356452941895e-01
-1.466601610183715820e+00
-1.279548287391662598e+00
-1.174214601516723633e+00
-2.766718864440917969e-01
-4.115676283836364746e-01
-7.388797402381896973e-01
-1.170005798339843750e+00
2.800734043121337891e-01
-1.666522741317749023e+00
-7.514090538024902344e-01
-7.093682885169982910e-01
-1.535622835159301758e+00
3.264981806278228760e-01
-1.297477006912231445e+00
-1.156280398368835449e+00
-9.840340018272399902e-01
-1.070067957043647766e-01
-1.728736400604248047e+00
-1.775232911109924316e+00
-1.204909563064575195e+00
-4.086038470268249512e-01
-1.255856752395629883e+00
-1.014768123626708984e+00
-9.949122667312622070e-01
-8.163043856620788574e-01
-1.507827162742614746e+00
2.709832787513732910e-01
-1.415063858032226562e+00
-1.282809853553771973e+00
2.460661232471466064e-01
-1.261162042617797852e+00
-4.397719383239746094e+00
-1.312326908111572266e+00
-4.517935812473297119e-01
-1.592016458511352539e+00
5.015580654144287109e-01
-8.082491159439086914e-01
-1.147728204727172852e+00
-5.412297248840332031e-01
-1.421431064605712891e+00
-1.017427325248718262e+00
-4.670876562595367432e-01
-7.721343636512756348e-01
3.354293107986450195e-01
-8.304687142372131348e-01
-1.172655582427978516e+00
-4.056758582592010498e-01
-1.079525947570800781e+00
-1.358156323432922363e+00
-1.070025324821472168e+00
-8.373274207115173340e-01
-1.424403548240661621e+00
-1.320128679275512695e+00
-1.106335759162902832e+00
-1.305636048316955566e+00
-1.599050313234329224e-01
-1.666343927383422852e+00
-6.217314600944519043e-01
