-9.704978466033935547e-01
-1.399621129035949707e+00
-1.114791512489318848e+00
-1.016520857810974121e+00
5.134155750274658203e-01
-9.475114941596984863e-01
-9.030898213386535645e-01
-9.188679456710815430e-01
-9.273531436920166016e-01
-1.409151911735534668e+00
-9.670107960700988770e-01
-1.304821133613586426e+00
-1.602663636207580566e+00
-6.694302558898925781e-01
-4.233911037445068359e+00
-8.151193857192993164e-01
-4.259496033191680908e-01
-1.155578494071960449e+00
-7.429560422897338867e-01
2.610256671905517578e-01
2.980057001113891602e-01
-1.284306645393371582e+00
-1.220506429672241211e+00
-7.414395809173583984e-01
-9.793789982795715332e-01
-8.274526000022888184e-01
2.819446623325347900e-01
2.116077989339828491e-01
-6.847378611564636230e-01
-1.072663664817810059e+00
-1.537006497383117676e-01
-8.968654274940490723e-01
-7.453296780586242676e-01
3.621974587440490723e-01
-7.956749796867370605e-01
-4.363865852355957031e-01
-1.023947477340698242e+00
-1.346017122268676758e+00
-1.019444942474365234e+00
-1.143868207931518555e+00
-5.259316563606262207e-01
-4.725580215454101562e+00
-1.519565224647521973e+00
-9.859665632247924805e-01
-5.155193209648132324e-01
-1.309726476669311523e+00
-8.368083238601684570e-01
-1.152950167655944824e+00
-7.957578897476196289e-01
-1.044435143470764160e+00
3.581031560897827148e-01
-1.041419863700866699e+00
-4.170534610748291016e+00
2.346052676439285278e-01
-1.088199615478515625e+00
-7.999123930931091309e-01
-1.961525201797485352e+00
1.780803501605987549e-01
-1.343349933624267578e+00
-9.899380207061767578e-01
-4.238044023513793945e-01
-1.430291056632995605e+00
-1.053477287292480469e+00
-6.123393774032592773e-01
-1.106433868408203125e+00
-5.265628695487976074e-01
-9.484292864799499512e-01
4.087769985198974609e-01
-1.263156652450561523e+00
-5.642176866531372070e-01
-7.496945261955261230e-01
3.145506381988525391e-01
-7.007843255996704102e-01
-4.267619848251342773e-01
-2.256049364805221558e-01
-7.871708273887634277e-01
-1.097006678581237793e+00
3.569770157337188721e-01
-1.554957270622253418e+00
3.772554397583007812e-01
-1.067187666893005371e+00
-1.515352487564086914e+00
-4.935856759548187256e-01
-9.584674239158630371e-01
-3.846909999847412109e-01
-1.136923074722290039e+00
5.468084216117858887e-01
2.169164717197418213e-01
-2.958381772041320801e-01
-1.763770461082458496e+00
-6.931066513061523438e-01
-9.487200379371643066e-01
-9.045778512954711914e-01
-1.336195349693298340e+00
-7.292253971099853516e-01
-4.881375133991241455e-01
-1.083237290382385254e+00
-8.188609480857849121e-01
-6.683426499366760254e-01
-7.334102988243103027e-01
-1.041430950164794922e+00
2.643496990203857422e+00
-5.886884927749633789e-01
-1.328799009323120117e+00
4.774323999881744385e-01
-6.877837181091308594e-01
-1.166071772575378418e+00
-1.130653738975524902e+00
-8.036336898803710938e-01
1.137920767068862915e-01
-7.294186353683471680e-01
-1.822305440902709961e+00
-7.106369137763977051e-01
-1.929431706666946411e-01
-3.046365976333618164e+00
-5.661979913711547852e-01
-5.357412695884704590e-01
3.171968758106231689e-01
7.599752396345138550e-02
-8.481495976448059082e-01
-8.344025611877441406e-01
-4.759507179260253906e+00
-7.364979982376098633e-01
-1.463728666305541992e+00
-1.514165520668029785e+00
6.433556973934173584e-02
-8.703237175941467285e-01
7.348629087209701538e-02
-1.094314217567443848e+00
-6.540498137474060059e-01
-8.973655700683593750e-01
-8.010702133178710938e-01
-5.908268690109252930e-01
-7.857105731964111328e-01
-1.138249158859252930e+00
-8.528642058372497559e-01
-6.127038598060607910e-01
-1.155018568038940430e+00
-1.141938090324401855e+00
-1.071082830429077148e+00
-1.258045434951782227e+00
2.861513495445251465e-01
-8.725162148475646973e-01
-1.097532272338867188e+00
-3.248815238475799561e-01
-1.109038233757019043e+00
-1.468563199043273926e+00
-7.937555909156799316e-01
-1.291787028312683105e+00
-6.675674319267272949e-01
4.934232532978057861e-01
3.703594207763671875e-01
-7.958937287330627441e-01
-1.358464956283569336e+00
-5.098438858985900879e-01
-1.100431084632873535e+00
-8.912993073463439941e-01
-6.900352239608764648e-01
3.776225745677947998e-01
-9.762939810752868652e-01
-8.500036001205444336e-01
-6.474152803421020508e-01
-1.179934263229370117e+00
-1.250021100044250488e+00
-1.174881458282470703e+00
-1.162857651710510254e+00
-1.182563066482543945e+00
-1.142152667045593262e+00
-1.189109683036804199e+00
-1.152211308479309082e+00
-1.038245916366577148e+00
2.874716520309448242e-01
-1.313392758369445801e+00
-8.378421068191528320e-01
-1.245362758636474609e+00
-1.017902731895446777e+00
-7.753744125366210938e-01
-9.321753382682800293e-01
4.149109125137329102e-01
-5.313382148742675781e-01
-5.431477427482604980e-01
-2.214850187301635742e-01
-9.983549714088439941e-01
-9.472574591636657715e-01
-7.854738831520080566e-01
-6.798104047775268555e-01
-8.373118638992309570e-01
3.238401412963867188e-01
4.100467562675476074e-01
-4.962052702903747559e-01
-4.376538395881652832e-01
-9.212588071823120117e-01
-1.045217156410217285e+00
-5.518169999122619629e-01
-8.134205341339111328e-01
-7.718566656112670898e-01
-1.220987319946289062e+00
-9.376628994941711426e-01
-9.588076472282409668e-01
-7.989586591720581055e-01
-7.340610027313232422e-01
-8.220859766006469727e-01
-1.111885905265808105e+00
-7.556772232055664062e-01
-1.019207239151000977e+00
-4.339532375335693359e+00
-3.347755670547485352e-01
-1.011889100074768066e+00
-1.144696474075317383e+00
-8.314059972763061523e-01
-6.463326811790466309e-01
-6.232140064239501953e-01
-9.318251013755798340e-01
-7.794153690338134766e-01
-1.204318165779113770e+00
-6.649050712585449219e-01
-7.974276542663574219e-01
-9.658759236335754395e-01
2.687296569347381592e-01
-6.741932630538940430e-01
-8.303000926971435547e-01
-8.734551072120666504e-01
-9.549768567085266113e-01
2.838297784328460693e-01
2.411219328641891479e-01
-9.531834721565246582e-01
3.882912397384643555e-01
-1.024463176727294922e-01
-8.884720802307128906e-01
-6.270810365676879883e-01
-7.678744792938232422e-01
-7.548992037773132324e-01
-5.462610125541687012e-01
2.523486316204071045e-01
-8.608424067497253418e-01
-1.079338550567626953e+00
-1.272615790367126465e+00
-1.202812194824218750e+00
-7.811824679374694824e-01
1.916594207286834717e-01
-7.465543746948242188e-01
-8.760856986045837402e-01
-1.006773829460144043e+00
-5.747707486152648926e-01
-9.431471824645996094e-01
-8.478362560272216797e-01
-7.043301463127136230e-01
-7.847184538841247559e-01
-1.065343856811523438e+00
-1.460340380668640137e+00
-1.014254331588745117e+00
2.543762028217315674e-01
-2.809823453426361084e-01
-3.617355227470397949e-01
-1.019893646240234375e+00
-1.029282331466674805e+00
-6.936193704605102539e-01
-1.272974729537963867e+00
-9.550324082374572754e-01
4.912830591201782227e-01
-6.067689061164855957e-01
-1.033597111701965332e+00
-1.438390254974365234e+00
-6.105349063873291016e-01
-5.055754780769348145e-01
-6.106820702552795410e-01
-1.109078764915466309e+00
-3.241417407989501953e-01
-8.115501403808593750e-01
-6.551013588905334473e-01
-6.824867725372314453e-01
-6.236940026283264160e-01
-9.783619642257690430e-02
4.086459279060363770e-01
-1.225218653678894043e+00
-8.813561201095581055e-01
-8.863894343376159668e-01
-9.874428510665893555e-01
-1.100125551223754883e+00
-1.239809870719909668e+00
3.278480172157287598e-01
-8.856033086776733398e-01
-7.073827385902404785e-01
-8.704727888107299805e-01
-1.091026425361633301e+00
-8.717539906501770020e-01
-1.124864578247070312e+00
-8.554615974426269531e-01
-8.868041038513183594e-01
-7.380728721618652344e-01
-8.450966477394104004e-01
-1.181285262107849121e+00
-1.596331238746643066e+00
-1.264621138572692871e+00
-1.153705477714538574e+00
3.847452104091644287e-01
-9.945001602172851562e-01
-7.633056640625000000e-01
-1.086218118667602539e+00
-1.151140093803405762e+00
-8.862062692642211914e-01
-1.053910613059997559e+00
-1.099186539649963379e+00
-9.700897932052612305e-01
-2.930407822132110596e-01
-1.032207727432250977e+00
-1.667204380035400391e+00
3.280067145824432373e-01
-9.136649370193481445e-01
-6.956287026405334473e-01
-7.960416078567504883e-01
-1.372355818748474121e+00
-9.373801946640014648e-01
-1.007928252220153809e+00
-1.233111262321472168e+00
-1.004771947860717773e+00
-7.805050015449523926e-01
-5.717623829841613770e-01
-7.693639993667602539e-01
-1.118624448776245117e+00
