-2.333828508853912354e-01
-3.018948622047901154e-02
-1.655405201017856598e-02
5.533319711685180664e-02
-2.195228576660156250e+00
2.469559200108051300e-02
-1.614084690809249878e-01
6.830212660133838654e-03
-5.928721278905868530e-03
-6.751521676778793335e-02
-4.526096582412719727e-02
-2.121799625456333160e-03
1.168880984187126160e-02
-3.839803859591484070e-02
3.212638571858406067e-02
-4.862459599971771240e-01
1.558413952589035034e-01
1.517484337091445923e-01
-6.467174738645553589e-02
4.578480962663888931e-03
6.979182828217744827e-03
2.653913013637065887e-02
-2.343681603670120239e-01
-3.762524807825684547e-03
4.830598831176757812e-02
2.714576125144958496e-01
-2.236213088035583496e-01
-6.314552575349807739e-02
-1.705130562186241150e-02
-4.161582142114639282e-02
3.369879722595214844e-02
-4.052748437970876694e-03
1.062245741486549377e-01
-5.867135524749755859e-02
4.545721784234046936e-02
-5.064278095960617065e-02
-1.074337810277938843e-01
-1.284874975681304932e-01
-4.519070386886596680e-01
-6.650693714618682861e-02
4.703504592180252075e-02
-3.336478769779205322e-01
-1.215621083974838257e-01
6.446711253374814987e-03
1.034585535526275635e-01
-2.231625653803348541e-02
1.631453633308410645e-01
-9.914835914969444275e-03
-3.518776968121528625e-02
1.293337438255548477e-02
-4.329113289713859558e-02
-3.431597724556922913e-02
5.263485945761203766e-03
2.503199875354766846e-01
-2.673486769199371338e-01
-1.881538927555084229e-01
-7.992922514677047729e-02
6.214237213134765625e-02
-2.769805304706096649e-02
-1.131512150168418884e-01
6.753882765769958496e-02
1.519965678453445435e-01
9.657129645347595215e-02
-1.931339800357818604e-01
3.834136202931404114e-02
-1.508525852113962173e-02
-1.073236092925071716e-01
1.672336310148239136e-01
-2.715171277523040771e-01
1.012038253247737885e-02
-1.087037473917007446e-02
-7.954481989145278931e-02
1.882215775549411774e-02
-7.857605069875717163e-02
1.593766510486602783e-01
-6.918948143720626831e-02
1.059814319014549255e-01
-6.548986583948135376e-02
8.676758408546447754e-02
1.602145284414291382e-01
9.405272081494331360e-03
8.254274725914001465e-02
6.803328171372413635e-03
4.364690557122230530e-02
-9.922596067190170288e-02
-1.698668599128723145e-01
-5.170715507119894028e-03
-1.792054325342178345e-01
9.291997551918029785e-02
-1.953687071800231934e+00
7.650089263916015625e-02
1.239629760384559631e-01
2.786316676065325737e-03
2.954985015094280243e-02
-1.003634929656982422e-01
-1.495695412158966064e-01
-7.911055348813533783e-03
1.090061888098716736e-01
9.732440114021301270e-03
-4.559902101755142212e-02
-8.122120983898639679e-03
4.485607892274856567e-02
7.569037377834320068e-02
-3.095518099144101143e-03
-2.622931450605392456e-02
1.660083420574665070e-02
-2.718550153076648712e-02
1.547690294682979584e-02
2.345287352800369263e-01
3.561990335583686829e-02
-3.882535547018051147e-02
6.210763379931449890e-02
-7.969679310917854309e-03
-6.116639077663421631e-02
-1.266723684966564178e-02
-4.292531684041023254e-02
1.672429442405700684e-01
8.960834890604019165e-02
1.463998258113861084e-01
-2.490799408406019211e-03
2.064685076475143433e-01
-7.598130404949188232e-02
2.371240556240081787e-01
-1.130986735224723816e-01
2.149539068341255188e-02
-7.170990109443664551e-02
-1.182869728654623032e-02
-1.731205545365810394e-02
-1.700561493635177612e-01
-3.104821145534515381e-01
4.493414238095283508e-02
4.131945222616195679e-02
-6.436930503696203232e-03
3.706075623631477356e-02
-9.743095375597476959e-03
9.288470447063446045e-02
-9.840570390224456787e-02
-1.305330451577901840e-02
6.801886856555938721e-02
1.875813752412796021e-01
7.041724026203155518e-02
2.137101814150810242e-02
-3.983113542199134827e-02
1.428756769746541977e-02
-3.591772168874740601e-02
3.230884373188018799e-01
-9.843420982360839844e-02
2.410277538001537323e-02
-2.724437974393367767e-02
-3.292490169405937195e-02
-7.543859072029590607e-03
2.823484241962432861e-01
-7.938419282436370850e-02
2.186964266002178192e-02
-9.497751295566558838e-02
-1.567368507385253906e+00
-2.020703405141830444e-01
-5.482797045260667801e-03
1.080458611249923706e-01
1.006528176367282867e-02
2.863178402185440063e-02
-1.237868424504995346e-02
8.592762798070907593e-02
-1.395379453897476196e-01
-2.203356660902500153e-02
1.158370971679687500e-01
3.495009243488311768e-02
2.338545769453048706e-02
-2.737889625132083893e-02
4.950892180204391479e-02
3.936276189051568508e-04
4.044209606945514679e-03
-3.976179659366607666e-01
2.188514359295368195e-02
4.740640521049499512e-02
1.179054602980613708e-01
1.594141125679016113e-02
7.611650228500366211e-02
-1.233436167240142822e-01
3.614397346973419189e-01
1.159100979566574097e-01
6.324852257966995239e-02
-6.215095892548561096e-02
1.292695254087448120e-01
2.480316907167434692e-02
-2.438130527734756470e-01
-1.800801157951354980e-01
-1.359126865863800049e-01
7.380528002977371216e-02
1.176952868700027466e-01
-2.677493263036012650e-03
-9.142920374870300293e-02
1.070394646376371384e-02
1.571999788284301758e-01
1.344145368784666061e-02
3.081853687763214111e-02
-7.367983460426330566e-02
-5.507531762123107910e-02
9.004234336316585541e-03
-1.516327634453773499e-02
3.231324627995491028e-02
-1.710929721593856812e-02
-1.050992519594728947e-03
-5.322144553065299988e-02
-3.196462392807006836e-01
8.857387304306030273e-02
3.673951625823974609e-01
-4.335278868675231934e-01
-5.745865777134895325e-02
-6.389271467924118042e-02
1.179510075598955154e-02
-4.333551973104476929e-02
1.412540525197982788e-01
-1.826427876949310303e-01
-4.102533683180809021e-03
2.065582573413848877e-01
1.340295225381851196e-01
3.034551255404949188e-02
-5.321066975593566895e-01
6.618135422468185425e-02
5.304263159632682800e-02
1.691727191209793091e-01
-6.704233586788177490e-03
1.457185745239257812e-01
4.022311046719551086e-02
1.753658056259155273e-01
-1.088035628199577332e-01
3.679532185196876526e-02
4.988494142889976501e-02
1.071707904338836670e-01
-5.429439991712570190e-02
-3.729648143053054810e-02
7.878281176090240479e-02
-5.880762357264757156e-03
-4.966840445995330811e-01
7.579056173563003540e-02
4.762051999568939209e-02
-5.973096936941146851e-02
1.565687730908393860e-02
7.984091341495513916e-02
2.217083238065242767e-02
1.469294428825378418e-01
-3.818670660257339478e-02
-1.580964773893356323e-02
2.845588326454162598e-02
2.708377130329608917e-02
-3.674483671784400940e-02
-1.439045369625091553e-01
-4.972528666257858276e-02
5.273010209202766418e-02
-1.119761727750301361e-02
3.618768975138664246e-02
4.707378521561622620e-02
-4.818629939109086990e-03
-4.969071969389915466e-02
2.481574192643165588e-02
-4.555092751979827881e-02
-2.030435577034950256e-02
-2.460389398038387299e-02
3.233724832534790039e-02
-5.965989828109741211e-02
5.060980468988418579e-02
4.288656413555145264e-01
-4.585098028182983398e-01
2.348781004548072815e-02
7.971801608800888062e-02
-9.646724909543991089e-02
-3.586226403713226318e-01
4.064821451902389526e-02
-9.729453921318054199e-02
1.964309439063072205e-02
-6.178292632102966309e-01
-1.357009634375572205e-03
-9.965118020772933960e-02
2.893724106252193451e-02
2.073060534894466400e-02
-1.289971023797988892e-01
-1.063821315765380859e-01
-8.304771967232227325e-03
-1.289029270410537720e-01
5.657335370779037476e-02
2.802748978137969971e-01
4.041108861565589905e-02
-2.285097166895866394e-02
5.743178725242614746e-02
9.068874269723892212e-02
1.440432220697402954e-01
4.771458730101585388e-02
1.106488108634948730e-01
2.869925834238529205e-02
-9.023446589708328247e-02
9.184803813695907593e-02
-4.680171608924865723e-02
1.480400413274765015e-01
4.417313635349273682e-02
-2.144295424222946167e-01
2.241262421011924744e-02
-7.474384456872940063e-02
-8.148709684610366821e-02
2.859964733943343163e-03
-8.559271693229675293e-03
-3.539004921913146973e-02
-7.643877714872360229e-02
1.692787185311317444e-02
-2.714998461306095123e-02
1.713848859071731567e-02
-4.085853323340415955e-02
1.804387271404266357e-01
-2.929434366524219513e-02
-1.947437413036823273e-02
1.216683685779571533e-01
9.160155802965164185e-02
1.551840603351593018e-01
-2.863492071628570557e-01
1.707522869110107422e-01
3.623638302087783813e-02
-8.097972720861434937e-02
-1.235579513013362885e-02
-9.285456500947475433e-03
2.578816935420036316e-02
