1.534626483917236328e-01
7.703807204961776733e-02
8.075136691331863403e-02
3.684036061167716980e-02
-7.062526792287826538e-02
1.257232949137687683e-02
4.912305623292922974e-02
1.524914056062698364e-01
-1.179955452680587769e-01
-8.686160296201705933e-02
1.266070604324340820e+00
-1.006597504019737244e-01
3.292568400502204895e-02
-2.278612228110432625e-03
9.462203830480575562e-03
-7.434169761836528778e-03
-6.886745244264602661e-02
2.006451636552810669e-01
-8.910609781742095947e-02
-3.165962174534797668e-02
-5.361171439290046692e-03
3.308430314064025879e-01
1.315139830112457275e-01
-5.142686888575553894e-02
3.860541060566902161e-02
2.675265073776245117e-03
1.954493485391139984e-02
-7.378146052360534668e-02
-1.199290156364440918e-01
4.590193554759025574e-02
-5.667829886078834534e-03
1.971435397863388062e-01
-3.386279940605163574e-01
-8.549664169549942017e-02
5.551366880536079407e-02
-8.344744332134723663e-03
1.180226821452379227e-02
-1.436292659491300583e-02
-2.488044798374176025e-01
-1.211261749267578125e-02
-3.450835868716239929e-02
5.517345666885375977e-01
1.697386354207992554e-01
-2.975461184978485107e-01
1.246369257569313049e-01
1.236988827586174011e-01
1.513967961072921753e-01
-2.947773933410644531e-01
-7.732296735048294067e-02
1.456506899558007717e-03
2.174831479787826538e-01
1.120233088731765747e-01
-8.115341886878013611e-03
9.239619970321655273e-02
1.256468445062637329e-01
-8.223733305931091309e-02
-7.535372674465179443e-02
-9.277621284127235413e-03
-1.010212600231170654e-01
-4.132294282317161560e-02
-5.898619443178176880e-02
-6.601370871067047119e-02
1.161569505929946899e-01
4.073997214436531067e-02
-7.146243751049041748e-02
-8.668557740747928619e-03
-4.396884143352508545e-02
1.324779689311981201e-01
-3.344385698437690735e-02
1.826494187116622925e-02
-1.055906638503074646e-01
5.994837358593940735e-02
-1.347400341182947159e-02
-4.532676562666893005e-02
4.774893447756767273e-02
4.244822636246681213e-02
6.274789571762084961e-03
8.933148980140686035e-01
-1.213057413697242737e-01
6.606868468225002289e-03
-1.249017287045717239e-02
-2.550563588738441467e-02
1.861445372924208641e-03
-1.568965613842010498e-02
2.811914980411529541e-01
-1.626000739634037018e-02
5.381340980529785156e-01
1.502455025911331177e-01
-9.834074229001998901e-02
-5.729696713387966156e-03
7.276269197463989258e-01
1.065527945756912231e-01
-2.881579399108886719e-01
9.578800946474075317e-02
5.134545564651489258e-01
-5.406967923045158386e-02
-1.288686990737915039e-01
-1.401591777801513672e+00
5.074274912476539612e-02
-1.389131397008895874e-01
-9.391892701387405396e-02
8.907504379749298096e-02
1.941953152418136597e-01
5.404235795140266418e-03
3.936917055398225784e-03
-5.706405267119407654e-03
3.021318279206752777e-02
-1.947952318005263805e-03
5.092335119843482971e-02
5.177939683198928833e-02
-1.923553347587585449e-01
3.508952260017395020e-02
2.400425076484680176e-02
-1.200839057564735413e-01
-2.073030620813369751e-01
-5.647990480065345764e-02
8.942499756813049316e-03
4.705202952027320862e-02
-6.870882958173751831e-02
-7.539317011833190918e-02
1.170090436935424805e-01
-1.727640777826309204e-01
-1.136545464396476746e-01
-6.419467926025390625e-01
4.608794674277305603e-02
-1.667571440339088440e-02
-3.504126965999603271e-01
3.163246810436248779e-02
5.422165989875793457e-01
1.961261965334415436e-02
7.540463656187057495e-02
-6.469958275556564331e-02
-2.744660526514053345e-02
-3.441110625863075256e-02
-1.240492835640907288e-01
1.959046721458435059e-02
1.803694963455200195e-01
-3.804402798414230347e-02
6.650287657976150513e-02
1.313100755214691162e-02
-2.150560170412063599e-01
4.684972018003463745e-02
2.629597783088684082e-01
8.892458863556385040e-03
-4.932430014014244080e-02
-8.487072587013244629e-02
1.855777949094772339e-01
4.568028151988983154e-01
-1.561402827501296997e-01
3.177559748291969299e-02
-6.745435297489166260e-02
-5.896401405334472656e-01
4.786863550543785095e-02
-2.998516522347927094e-02
-7.240851968526840210e-02
-7.972237654030323029e-03
-5.197541415691375732e-02
5.286387726664543152e-02
-5.952371358871459961e-01
-7.983143627643585205e-02
6.482657194137573242e-01
2.477386891841888428e-01
1.404720097780227661e-01
1.706684567034244537e-02
-2.521748840808868408e-01
-9.127261638641357422e-01
-6.289082765579223633e-02
-4.023891687393188477e-02
1.553150010295212269e-03
3.387338668107986450e-02
-5.890668928623199463e-02
4.655135422945022583e-02
3.900683298707008362e-02
-5.475297197699546814e-02
-2.195731550455093384e-02
-2.729970775544643402e-02
1.217805892229080200e-01
-3.316089883446693420e-02
3.429059311747550964e-02
-3.070354647934436798e-02
5.167968943715095520e-02
-3.871444612741470337e-03
1.005487516522407532e-01
5.278332531452178955e-02
8.883225731551647186e-03
1.162256230600178242e-04
1.187313422560691833e-01
1.420328617095947266e-01
1.715502142906188965e-02
-2.010786673054099083e-03
5.901827663183212280e-02
5.270458757877349854e-02
-2.083129882812500000e-01
6.586299091577529907e-02
-1.411401629447937012e-01
3.415593132376670837e-02
1.015704721212387085e-01
2.856397330760955811e-01
-1.231618672609329224e-01
-7.520829886198043823e-02
-2.305199801921844482e-01
-1.382123231887817383e-01
5.046061873435974121e-01
2.227197587490081787e-02
1.219652872532606125e-02
-2.064802497625350952e-01
-1.585182845592498779e-01
3.698330372571945190e-02
3.234946727752685547e-02
1.572608709335327148e+00
2.185604535043239594e-02
4.296566918492317200e-02
-1.741394698619842529e-01
3.673504292964935303e-02
-5.656769871711730957e-01
2.764760255813598633e-01
-2.248829975724220276e-02
-2.947554349899291992e+00
1.604384034872055054e-01
-5.270045716315507889e-03
-1.343259960412979126e-01
1.428441610187292099e-02
2.867351174354553223e-01
-8.385477960109710693e-02
7.723082602024078369e-02
1.567242294549942017e-01
1.053875565528869629e+00
5.874111130833625793e-02
-2.528592050075531006e-01
3.878783062100410461e-02
-5.001076031476259232e-03
-4.453837499022483826e-02
1.148629114031791687e-01
1.022502854466438293e-01
-3.032687678933143616e-02
4.383367300033569336e-02
-7.429282367229461670e-02
3.095988333225250244e-01
-6.874863505363464355e-01
6.608230620622634888e-02
2.041768655180931091e-02
5.181784555315971375e-02
-5.308376252651214600e-02
-1.314746737480163574e-01
-1.797686144709587097e-02
-2.441965276375412941e-03
-1.805279962718486786e-02
6.116788089275360107e-02
8.496311306953430176e-02
-2.336195111274719238e-02
4.743526130914688110e-02
-1.368549317121505737e-01
1.363537162542343140e-01
-4.873083904385566711e-02
9.772770106792449951e-02
-1.599308550357818604e-01
-1.210964936763048172e-02
-4.486563056707382202e-02
1.752234064042568207e-02
-1.125357747077941895e-01
-3.458011895418167114e-02
3.837170079350471497e-02
1.250972747802734375e-01
1.125734075903892517e-01
1.267465353012084961e-01
-1.740503013134002686e-01
-1.800496459007263184e+00
3.299720957875251770e-02
5.585578829050064087e-02
-8.165402710437774658e-02
6.357380747795104980e-01
5.770524591207504272e-02
-1.239267945289611816e+00
1.299621816724538803e-02
-5.101388320326805115e-02
5.776083841919898987e-02
-4.910082370042800903e-02
6.332501769065856934e-03
-1.781143806874752045e-02
-3.842592835426330566e-01
1.288251020014286041e-02
-1.665000617504119873e-02
-2.168133705854415894e-01
-1.625822335481643677e-01
9.860911965370178223e-02
6.964281946420669556e-02
-9.529003500938415527e-02
9.593491256237030029e-02
1.201186235994100571e-02
6.060673594474792480e-01
3.327007591724395752e-02
1.901247352361679077e-01
-4.493647217750549316e-01
2.174389958381652832e-01
-7.799978554248809814e-02
2.464328408241271973e-01
-9.230789542198181152e-02
7.903023809194564819e-02
1.494812518358230591e-01
3.048699907958507538e-02
1.179631426930427551e-01
2.626807987689971924e-01
1.692208088934421539e-02
1.448722556233406067e-03
-8.946730196475982666e-02
7.782122492790222168e-02
-3.939071670174598694e-02
2.391984313726425171e-02
9.377347305417060852e-03
3.539939643815159798e-03
-9.290183186531066895e-01
3.572048246860504150e-02
-1.112572327256202698e-01
-1.225287280976772308e-02
-1.692268252372741699e-02
-1.993509531021118164e-01
1.344781666994094849e-01
6.619316339492797852e-02
1.931377500295639038e-02
-3.174751251935958862e-02
