-7.011469602584838867e-01
-1.196080327033996582e+00
-7.596052289009094238e-01
-2.739516735076904297e+00
-7.839955687522888184e-01
3.894321918487548828e-01
3.508160114288330078e-01
4.733202755451202393e-01
-7.152580618858337402e-01
-1.193213462829589844e+00
-9.004985094070434570e-01
-5.965670347213745117e-01
1.526650041341781616e-01
-1.536837935447692871e+00
-6.859408617019653320e-01
-8.564547896385192871e-01
-1.020839214324951172e+00
-1.293548345565795898e+00
-1.216789364814758301e+00
1.518684625625610352e-01
-6.265211701393127441e-01
2.907508611679077148e-01
-9.212449789047241211e-01
-1.309820652008056641e+00
-9.027254581451416016e-01
-8.078069090843200684e-01
-9.385263919830322266e-01
-4.792592525482177734e-01
-7.324930429458618164e-01
-1.676598668098449707e+00
-2.321107834577560425e-01
-1.123383164405822754e+00
-1.021686196327209473e+00
-8.621199727058410645e-01
-9.789807200431823730e-01
-1.460524201393127441e+00
-9.020417928695678711e-01
-8.545186519622802734e-01
-8.193765282630920410e-01
-5.974243879318237305e-01
-9.143713116645812988e-01
-3.813054263591766357e-01
-5.219233036041259766e-01
-1.214343428611755371e+00
-9.816871285438537598e-01
-5.322461724281311035e-01
-1.388665199279785156e+00
-9.683696031570434570e-01
2.059027850627899170e-01
-9.800102114677429199e-01
-4.870681762695312500e+00
-2.668774425983428955e-01
3.243170976638793945e-01
-7.750718593597412109e-01
-7.782641649246215820e-01
-6.408507823944091797e-01
3.423646390438079834e-01
-1.551578998565673828e+00
-7.731462121009826660e-01
-1.351504921913146973e+00
-9.362368583679199219e-01
4.042679965496063232e-01
-6.461909413337707520e-01
2.502953112125396729e-01
-1.052510261535644531e+00
-6.379921436309814453e-01
1.132662221789360046e-01
-1.151093721389770508e+00
-1.156998395919799805e+00
-1.587173700332641602e+00
-9.251683354377746582e-01
-1.123841404914855957e+00
4.577574431896209717e-01
-1.004613280296325684e+00
-1.052223324775695801e+00
2.780505418777465820e-01
-1.332187294960021973e+00
3.574627637863159180e-01
-1.231023073196411133e+00
1.913052052259445190e-01
1.476033031940460205e-01
-2.185895591974258423e-01
2.646182179450988770e-01
-1.394280552864074707e+00
1.856367290019989014e-01
-1.266760706901550293e+00
-1.379100322723388672e+00
3.049136996269226074e-01
3.192897737026214600e-01
-8.676596283912658691e-01
-8.389216065406799316e-01
-1.179468631744384766e+00
-1.316841840744018555e+00
-8.511216640472412109e-01
-1.317705869674682617e+00
-1.204707384109497070e+00
-1.249983787536621094e+00
-6.435903310775756836e-01
-1.002573251724243164e+00
-1.001133918762207031e+00
3.742516338825225830e-01
-8.451577425003051758e-01
-1.060072183609008789e+00
-9.668236970901489258e-01
-9.152434468269348145e-01
-1.003245472908020020e+00
-9.579994082450866699e-01
-9.902725219726562500e-01
-9.939036965370178223e-01
-9.320490956306457520e-01
-8.006268143653869629e-01
-8.993473052978515625e-01
-8.983047008514404297e-01
4.128471612930297852e-01
6.309769302606582642e-02
-1.109204173088073730e+00
5.301823616027832031e-01
-8.096551299095153809e-01
-8.505464196205139160e-01
-8.277991414070129395e-01
-9.357054233551025391e-01
-7.256160378456115723e-01
-9.533482789993286133e-01
-8.375313878059387207e-01
-8.813480138778686523e-01
2.353563457727432251e-01
-1.790411233901977539e+00
3.542535901069641113e-01
-3.579347133636474609e-01
-8.677111864089965820e-01
-1.232079744338989258e+00
-9.997178912162780762e-01
-1.256113409996032715e+00
3.838438391685485840e-01
3.838816285133361816e-01
-9.042412042617797852e-01
-2.582106888294219971e-01
-1.423480987548828125e+00
1.901459395885467529e-01
-9.560396671295166016e-01
-1.106800913810729980e+00
-1.452152490615844727e+00
-3.609457910060882568e-01
-5.145819187164306641e-01
-6.907038092613220215e-01
2.266910672187805176e-01
-6.680383086204528809e-01
-1.087316632270812988e+00
-1.058980107307434082e+00
-1.181634664535522461e+00
-1.286961317062377930e+00
-8.086749911308288574e-01
-8.109436631202697754e-01
-7.195709347724914551e-01
-9.806967377662658691e-01
-5.275232195854187012e-01
-1.184031844139099121e+00
-1.106116294860839844e+00
-7.634919285774230957e-01
-2.567458152770996094e+00
-1.176059842109680176e+00
-1.143517374992370605e+00
2.889293432235717773e-01
-2.459943592548370361e-01
-1.045161128044128418e+00
-1.166883945465087891e+00
-9.078167676925659180e-01
-1.090628385543823242e+00
-2.317773103713989258e+00
-4.779602587223052979e-01
-8.953011035919189453e-01
-9.921151399612426758e-01
-1.158233404159545898e+00
-1.001494050025939941e+00
-9.433047771453857422e-01
-1.119508028030395508e+00
-1.327859520912170410e+00
-7.282760143280029297e-01
-9.915187358856201172e-01
-1.193933248519897461e+00
-1.044105648994445801e+00
-8.703137189149856567e-02
-1.139723181724548340e+00
-6.859991550445556641e-01
-1.441339850425720215e+00
-3.852969646453857422e+00
-1.335280656814575195e+00
-7.769755721092224121e-01
-5.062028408050537109e+00
-9.099196791648864746e-01
-9.159867763519287109e-01
-8.094514608383178711e-01
-6.054164171218872070e-01
-8.386428356170654297e-01
2.098583579063415527e-01
-3.622114062309265137e-01
4.767257571220397949e-01
-7.817550301551818848e-01
-1.006155729293823242e+00
-4.450953483581542969e+00
4.105905890464782715e-01
-8.098644018173217773e-01
2.859678566455841064e-01
-9.066483378410339355e-01
-1.442176938056945801e+00
-8.308670520782470703e-01
-1.555385470390319824e+00
-9.881751537322998047e-01
-1.359934091567993164e+00
-9.163916110992431641e-01
-8.404310345649719238e-01
-1.148058891296386719e+00
-7.946166396141052246e-01
-9.344069957733154297e-01
-8.303254842758178711e-01
-6.160958409309387207e-01
-1.076790094375610352e+00
-1.336242109537124634e-01
-7.651830911636352539e-01
-5.574296116828918457e-01
1.458916515111923218e-01
-1.060652494430541992e+00
-1.387728303670883179e-01
-7.438946962356567383e-01
-4.786655008792877197e-01
-4.594354629516601562e-01
2.257024496793746948e-01
-1.203741908073425293e+00
-1.548573374748229980e+00
-8.006309866905212402e-01
-6.733810901641845703e-01
-1.157564282417297363e+00
-1.332902193069458008e+00
-1.096821904182434082e+00
-6.594645977020263672e-01
-1.029465675354003906e+00
-1.093842506408691406e+00
-7.827867865562438965e-01
-9.572678208351135254e-01
3.460135757923126221e-01
-8.062176704406738281e-01
-1.204105734825134277e+00
3.220156133174896240e-01
-1.106959342956542969e+00
-6.544141173362731934e-01
-1.340613007545471191e+00
-9.043447375297546387e-01
-7.518940567970275879e-01
-1.388335704803466797e+00
-7.424357533454895020e-01
-8.402122557163238525e-02
-8.021810054779052734e-01
-1.369357943534851074e+00
-1.037715554237365723e+00
-5.587687492370605469e-01
-1.422284841537475586e+00
-1.050799489021301270e+00
2.834741771221160889e-01
-4.811927795410156250e+00
-9.172585606575012207e-01
-8.109195828437805176e-01
-7.993676662445068359e-01
-1.113732814788818359e+00
-9.315540790557861328e-01
-9.406529664993286133e-01
-1.300129413604736328e+00
-6.362795829772949219e-01
-4.659545898437500000e+00
-1.151050209999084473e+00
-1.006593823432922363e+00
1.269774287939071655e-01
-1.136819958686828613e+00
-1.463067173957824707e+00
-8.394984006881713867e-01
-1.054910063743591309e+00
-1.057680845260620117e+00
-5.679353475570678711e-01
2.084832191467285156e-01
4.685302451252937317e-02
-5.677982568740844727e-01
-8.835156559944152832e-01
-6.304359436035156250e-01
-1.224539518356323242e+00
2.643021345138549805e-01
-8.815070390701293945e-01
-1.327073693275451660e+00
-5.885462760925292969e-01
-1.235176205635070801e+00
-1.852569133043289185e-01
-7.052586674690246582e-01
-7.817378640174865723e-01
-8.850619792938232422e-01
-1.544054388999938965e+00
1.578665375709533691e-01
1.412956118583679199e-01
-1.150474667549133301e+00
4.173906445503234863e-01
-1.127446174621582031e+00
-8.540031313896179199e-01
-9.879095554351806641e-01
-1.342867255210876465e+00
3.334309756755828857e-01
-7.561424374580383301e-01
-9.472436904907226562e-01
-1.325369238853454590e+00
-8.983407616615295410e-01
-1.278269648551940918e+00
4.857206940650939941e-01
-1.595687866210937500e+00
-7.411727309226989746e-01
-7.588743567466735840e-01
-1.286878347396850586e+00
-1.294384717941284180e+00
-6.526405215263366699e-01
-6.568014621734619141e-01
-1.241639971733093262e+00
-1.387199997901916504e+00
-1.016845941543579102e+00
-1.417071700096130371e+00
-1.014199495315551758e+00
