-1.143677234649658203e-01
7.168501615524291992e-02
1.737434603273868561e-02
-7.843429595232009888e-02
5.059818550944328308e-02
4.502708092331886292e-02
-4.295566082000732422e-01
-5.978784710168838501e-02
-6.673056632280349731e-02
9.387654252350330353e-03
-8.607625961303710938e-03
-2.758421599864959717e-01
-6.399387121200561523e-02
9.904766827821731567e-02
-4.065255168825387955e-03
2.327585518360137939e-01
4.485806822776794434e-01
7.051428779959678650e-03
-1.249175518751144409e-01
-8.285111933946609497e-02
-1.555112749338150024e-01
1.042262464761734009e-01
7.579806260764598846e-03
9.687663614749908447e-02
-6.340965032577514648e-01
-4.750955849885940552e-03
-2.251320928335189819e-01
4.765735566616058350e-02
7.749764621257781982e-02
1.724099516868591309e+00
-2.382957488298416138e-01
-1.193048357963562012e-01
-2.172428965568542480e-01
7.336811721324920654e-02
-2.326928824186325073e-01
-2.697202377021312714e-03
6.001351475715637207e-01
-4.686572402715682983e-02
-2.801839727908372879e-03
-2.395787388086318970e-01
-1.585678756237030029e-01
-6.815332919359207153e-02
5.292711779475212097e-03
9.882400184869766235e-02
-3.157669305801391602e-01
-2.844388224184513092e-02
-1.923556998372077942e-02
2.309394329786300659e-01
-8.607400208711624146e-02
-1.461257189512252808e-01
-1.637733697891235352e+00
7.749954611063003540e-02
-1.793138980865478516e-01
1.207608543336391449e-02
-6.255871653556823730e-01
5.395407676696777344e-01
3.909239768981933594e-01
-1.227098256349563599e-01
-3.562149107456207275e-01
5.398699045181274414e-01
3.527365922927856445e-01
3.712131083011627197e-01
-5.364878177642822266e-01
4.657998681068420410e-01
-1.328653562813997269e-02
2.284629940986633301e-01
6.406302563846111298e-03
-1.694717407226562500e-01
-1.650530993938446045e-01
-8.343421854078769684e-03
7.014483958482742310e-02
1.400684751570224762e-02
-1.718046702444553375e-02
1.040289551019668579e-01
4.057913124561309814e-01
8.730241060256958008e-01
-1.007035970687866211e+00
7.056661695241928101e-02
4.053889133501797915e-04
2.677519433200359344e-02
3.116365075111389160e-01
4.890974983572959900e-02
1.435781419277191162e-01
-1.284158378839492798e-01
-1.016843020915985107e-01
8.852957189083099365e-02
4.303690493106842041e-01
-1.000238955020904541e-01
3.117688931524753571e-02
-7.696109823882579803e-03
-1.667775958776473999e-01
2.633436322212219238e-01
-1.700397348031401634e-03
-2.262420952320098877e-01
1.220789998769760132e-01
7.235981523990631104e-02
9.324119985103607178e-02
-5.984595511108636856e-03
1.927502751350402832e-01
8.809209614992141724e-02
6.557445973157882690e-02
3.602013885974884033e-01
6.382000446319580078e-01
1.117940619587898254e-01
3.398315608501434326e-01
-2.982882410287857056e-02
2.802176773548126221e-02
1.492533236742019653e-01
4.869223535060882568e-01
6.208916660398244858e-03
4.185333102941513062e-02
-3.091685101389884949e-02
4.793180525302886963e-02
8.544553518295288086e-01
-3.489677608013153076e-01
-1.329813241958618164e+00
-2.276151776313781738e-01
-1.194503605365753174e-01
-4.565330222249031067e-02
-8.722004480659961700e-03
6.981706619262695312e-01
-2.565218508243560791e-01
-1.471061259508132935e-02
1.709447056055068970e-01
-1.975650042295455933e-01
-3.807368576526641846e-01
-8.318487554788589478e-02
-8.243318647146224976e-02
-5.341293215751647949e-01
1.346165984869003296e-01
2.978771738708019257e-02
2.067041397094726562e-01
3.187125325202941895e-01
-3.175628604367375374e-03
-9.436665102839469910e-03
6.986334174871444702e-02
-2.865275181829929352e-02
1.161950677633285522e-01
2.178178071975708008e+00
1.428906917572021484e-01
-1.225594803690910339e-02
-6.622205376625061035e-01
-3.516981843858957291e-03
-6.995695233345031738e-01
5.558755621314048767e-02
-6.045057252049446106e-02
9.761864319443702698e-03
-6.178089231252670288e-02
-8.444948494434356689e-02
2.984261214733123779e-01
-8.994000405073165894e-02
2.012912780046463013e-01
-8.646869659423828125e-02
4.904376268386840820e-01
-6.365013122558593750e-02
-1.086318492889404297e-01
2.085775136947631836e-01
5.412900820374488831e-02
-6.854127347469329834e-02
-7.530099153518676758e-02
-2.421250939369201660e-01
-1.503631751984357834e-02
-2.780000492930412292e-02
6.965519487857818604e-02
1.436767280101776123e-01
2.791658602654933929e-02
-6.705710291862487793e-01
-9.499720484018325806e-02
2.292588949203491211e-01
-4.885310772806406021e-03
-5.222196131944656372e-02
2.530970573425292969e-01
4.449473619461059570e-01
1.282498985528945923e-01
-6.852939724922180176e-02
-2.596180886030197144e-02
2.369662933051586151e-02
6.900561600923538208e-02
4.148381203413009644e-02
-1.869602352380752563e-01
-5.708136409521102905e-02
-4.251026511192321777e-01
1.019535809755325317e-01
-2.713508605957031250e-01
-3.199527412652969360e-02
7.103468477725982666e-02
-6.765262782573699951e-02
9.978235363960266113e-01
-7.590828090906143188e-02
1.588771492242813110e-02
3.632691800594329834e-01
5.372617859393358231e-03
9.088494628667831421e-02
3.712264820933341980e-02
1.359393000602722168e-01
-3.310123980045318604e-01
2.555656246840953827e-02
1.925614313222467899e-03
7.123021874576807022e-03
-6.585235893726348877e-02
2.878058888018131256e-02
-2.119652032852172852e-01
-4.147049412131309509e-02
-3.641642630100250244e-02
2.022036015987396240e-01
2.676585018634796143e-01
-2.782227657735347748e-02
4.115241579711437225e-03
3.202566206455230713e-01
1.614055186510086060e-01
1.491397470235824585e-01
1.823300570249557495e-01
3.374405503273010254e-01
-3.367934748530387878e-02
3.183759376406669617e-02
5.517767667770385742e-01
-8.300180733203887939e-02
-3.744770772755146027e-03
7.556145638227462769e-02
-8.802804350852966309e-02
1.433068215847015381e-01
1.099332049489021301e-01
-2.432622611522674561e-01
3.462321311235427856e-02
8.049842715263366699e-02
-4.394202679395675659e-02
-1.698006987571716309e-01
4.588590189814567566e-02
-2.398409545421600342e-01
-4.984607696533203125e-01
-7.961419224739074707e-02
2.599167525768280029e-01
2.354053407907485962e-02
-2.684518694877624512e-01
-1.935408562421798706e-01
-1.335505396127700806e-01
-4.705875739455223083e-02
1.015704721212387085e-01
-9.694834053516387939e-02
-4.837296605110168457e-01
-8.943022787570953369e-02
-1.537156850099563599e-01
2.485436201095581055e-02
-5.692575871944427490e-02
-1.431903094053268433e-01
-3.141902983188629150e-01
1.548818349838256836e-01
-9.164424240589141846e-02
1.919282674789428711e-01
8.367809057235717773e-01
-3.928140178322792053e-02
-6.848936080932617188e-01
1.871360652148723602e-02
-9.858421981334686279e-02
-1.470701545476913452e-01
-2.285223752260208130e-01
4.441221430897712708e-02
4.428877681493759155e-02
-7.959256768226623535e-01
2.204302884638309479e-02
9.950203448534011841e-02
-9.180713095702230930e-04
8.056203275918960571e-02
1.060472503304481506e-01
3.667984902858734131e-01
-5.463306903839111328e-01
-9.444094896316528320e-01
2.780150771141052246e-01
-5.018531903624534607e-02
1.447401404380798340e+00
4.427951574325561523e-02
5.121047049760818481e-02
-3.831928074359893799e-01
3.731855005025863647e-02
-2.460921742022037506e-02
-8.492764085531234741e-02
3.611112385988235474e-02
6.920846700668334961e-01
1.851480826735496521e-02
-2.119869738817214966e-02
-9.287961572408676147e-02
7.018266320228576660e-01
1.050705611705780029e-01
1.676177047193050385e-02
-4.422004520893096924e-01
3.334530862048268318e-03
-2.089456558227539062e+00
8.285703510046005249e-02
-5.614527687430381775e-02
1.610415428876876831e-01
1.225101724267005920e-01
-8.328266441822052002e-02
-1.558134108781814575e-01
1.841969415545463562e-02
6.378167122602462769e-02
5.479263514280319214e-02
4.995385557413101196e-02
1.727318204939365387e-02
-3.943426907062530518e-02
7.169669959694147110e-03
-3.171910066157579422e-03
-1.012976691126823425e-01
1.701337844133377075e-01
3.010807000100612640e-02
-4.901594296097755432e-02
1.976423338055610657e-02
9.171228855848312378e-02
-8.518715389072895050e-03
1.734403073787689209e-01
-2.841889858245849609e-01
7.265266776084899902e-02
-4.546430110931396484e-01
-2.607916891574859619e-01
-1.110408186912536621e+00
3.783249109983444214e-02
7.869284600019454956e-03
3.616423159837722778e-02
9.248075634241104126e-02
-2.691508643329143524e-02
-2.870514802634716034e-02
