-5.976538360118865967e-02
2.654867013916373253e-03
-8.304288238286972046e-02
2.340437378734350204e-03
-4.319814592599868774e-02
1.371191293001174927e-01
1.326797962188720703e+00
1.999501697719097137e-02
8.196842670440673828e-02
2.996063791215419769e-02
-3.448689356446266174e-02
1.478184908628463745e-01
-6.974363327026367188e-02
1.390807214193046093e-03
-2.534618414938449860e-02
7.970527745783329010e-03
5.431841686367988586e-02
7.311628200113773346e-03
1.058681774884462357e-02
5.279235169291496277e-02
6.240103021264076233e-02
-7.410407066345214844e-02
-6.963992118835449219e-02
3.988745808601379395e-02
7.213395088911056519e-02
-3.371496498584747314e-01
-7.656589895486831665e-02
-6.002272292971611023e-02
5.940669775009155273e-02
3.501137718558311462e-02
-2.079041302204132080e-02
-6.664768327027559280e-03
-1.664428785443305969e-02
-8.049485832452774048e-02
-3.544010967016220093e-02
6.925290450453758240e-03
1.380479633808135986e-01
3.880624892190098763e-03
5.715201050043106079e-02
-6.475324928760528564e-02
6.837922334671020508e-02
-1.508277207612991333e-01
-9.686414897441864014e-02
9.732782840728759766e-02
2.300732303410768509e-03
-3.849709779024124146e-02
1.691832393407821655e-02
-1.076714247465133667e-01
1.371544436551630497e-03
2.553522400557994843e-02
-7.116588950157165527e-02
-1.018407568335533142e-01
3.620673343539237976e-02
-3.368188440799713135e-01
3.377852216362953186e-02
6.379440426826477051e-02
5.058434009552001953e-01
2.068381756544113159e-01
-4.491295665502548218e-02
-2.164760790765285492e-02
-1.125436089932918549e-02
1.784209161996841431e-01
1.004770174622535706e-01
9.352941066026687622e-02
5.794553086161613464e-02
3.156293183565139771e-02
-1.879085898399353027e-01
-8.021315559744834900e-03
1.281366199254989624e-01
1.951106935739517212e-01
-5.494211241602897644e-02
1.664034649729728699e-02
1.101059187203645706e-02
1.573495334014296532e-03
-2.135069295763969421e-02
-7.866835221648216248e-03
-2.335769832134246826e-01
1.267862468957901001e-01
-8.703880012035369873e-03
-4.498450830578804016e-02
-2.498678490519523621e-02
-1.290258578956127167e-02
6.480902433395385742e-02
4.302551504224538803e-03
2.746270969510078430e-02
3.140429407358169556e-02
-9.792837500572204590e-02
-9.996687620878219604e-02
4.436861351132392883e-02
-1.149539463222026825e-02
-1.170151457190513611e-01
-1.588410735130310059e-01
2.549430355429649353e-02
-3.889973461627960205e-01
4.498036578297615051e-02
-5.055413395166397095e-02
2.027881331741809845e-02
1.643283963203430176e+00
-9.181937575340270996e-02
3.485942259430885315e-02
5.163553357124328613e-02
1.097229942679405212e-01
-6.584120541810989380e-02
-3.619868680834770203e-02
-1.629400812089443207e-02
-9.328716248273849487e-02
-9.980874508619308472e-02
1.812879294157028198e-01
1.967864483594894409e-02
-2.073277533054351807e-01
-6.145677343010902405e-02
-3.285988047719001770e-02
7.307521253824234009e-02
1.857471093535423279e-02
2.932200767099857330e-02
1.892963983118534088e-02
-9.266643226146697998e-02
-6.345157325267791748e-02
4.080929234623908997e-02
8.162479847669601440e-02
-1.350683122873306274e-01
3.827795013785362244e-02
-2.514386177062988281e-01
-1.666671782732009888e-01
1.093307018280029297e+00
1.662501990795135498e-01
-3.479687869548797607e-02
2.743848040699958801e-02
3.215798735618591309e-02
4.015071690082550049e-02
2.448870427906513214e-02
8.343042805790901184e-03
-5.552332848310470581e-02
6.928118318319320679e-02
-5.623258650302886963e-02
8.165638893842697144e-02
-5.387635156512260437e-02
1.944075524806976318e-01
-1.860402822494506836e+00
1.334269046783447266e-01
-2.479454129934310913e-02
5.254166945815086365e-02
-4.699837043881416321e-02
4.420589655637741089e-02
-1.549174487590789795e-01
-1.325155701488256454e-02
-2.590380907058715820e-01
1.032820105552673340e+00
-9.979528933763504028e-02
1.887262612581253052e-02
2.156170010566711426e-01
7.205723971128463745e-02
4.141855537891387939e-01
-1.396286785602569580e-01
-5.602767691016197205e-02
1.206990405917167664e-01
-5.308043584227561951e-02
1.431266516447067261e-01
4.574559256434440613e-02
2.792877890169620514e-02
8.402865380048751831e-02
-8.943927288055419922e-02
1.943162083625793457e-02
4.551057238131761551e-03
9.587709791958332062e-03
1.549599170684814453e-01
-7.788491249084472656e-02
-1.141424775123596191e-01
4.050659388303756714e-02
7.402992341667413712e-03
1.188893541693687439e-01
-4.129782319068908691e-02
5.007415544241666794e-03
-2.053408883512020111e-02
1.742505878210067749e-01
-1.153315305709838867e-01
-5.973123386502265930e-02
1.335432529449462891e-01
7.549901604652404785e-01
1.544089436531066895e+00
2.210455387830734253e-02
3.225517645478248596e-02
2.558786049485206604e-02
-6.614368408918380737e-02
8.568317443132400513e-02
9.713103622198104858e-02
-1.172014474868774414e+00
7.126302272081375122e-02
-2.038023620843887329e-02
-9.945627301931381226e-02
-2.864178270101547241e-03
8.978775143623352051e-02
6.937666237354278564e-02
-2.665825746953487396e-02
-7.958226203918457031e-01
5.778928101062774658e-02
6.944826990365982056e-02
9.952272474765777588e-02
1.575397700071334839e-02
-2.288812212646007538e-02
-1.235247924923896790e-01
1.239952594041824341e-01
2.928371131420135498e-01
4.047460854053497314e-02
5.839757993817329407e-02
-9.722710587084293365e-03
-1.467235982418060303e-01
4.395185038447380066e-02
-4.065225645899772644e-02
-9.104754030704498291e-02
-9.378309361636638641e-03
-1.085908561944961548e-01
7.545150071382522583e-02
-1.427153646945953369e-01
1.100284457206726074e-01
2.033517062664031982e-01
4.139589518308639526e-02
-1.480448618531227112e-02
9.004645049571990967e-03
-4.890050739049911499e-02
-1.068348661065101624e-01
4.713065177202224731e-02
4.751796647906303406e-02
-5.304065067321062088e-03
5.148500949144363403e-02
1.420695520937442780e-02
3.065857663750648499e-02
4.005920290946960449e-01
2.340484596788883209e-02
1.230821665376424789e-02
-5.336243659257888794e-02
3.049299865961074829e-02
1.278131548315286636e-02
7.852743379771709442e-03
1.118674036115407944e-02
5.988935474306344986e-03
4.527786374092102051e-02
4.621075838804244995e-02
6.150204315781593323e-02
-7.974520325660705566e-02
-3.231883421540260315e-02
7.913661003112792969e-02
6.716383993625640869e-02
2.768509648740291595e-02
1.326355058699846268e-02
7.156980782747268677e-02
-8.437261730432510376e-02
-2.154141664505004883e-01
-1.543030794709920883e-02
6.703604012727737427e-02
4.511205106973648071e-02
3.329781293869018555e-01
5.217815749347209930e-03
-1.393959857523441315e-02
4.106520861387252808e-02
5.264543369412422180e-02
7.031184434890747070e-02
-8.932935073971748352e-03
-7.010835409164428711e-02
1.597558520734310150e-02
1.809014752507209778e-02
4.656039550900459290e-02
2.468515932559967041e-02
5.505339801311492920e-02
-1.233229562640190125e-01
8.112417533993721008e-03
1.065027639269828796e-01
4.642450436949729919e-02
3.342551365494728088e-02
-7.354334741830825806e-02
-1.203090548515319824e-01
2.667414955794811249e-02
1.739394292235374451e-02
-4.475107491016387939e-01
-6.060187704861164093e-03
5.786830186843872070e-02
1.648679673671722412e-01
3.264711052179336548e-02
1.507376551628112793e+00
6.974163651466369629e-02
-1.392999440431594849e-01
2.627180190756917000e-03
-1.300688982009887695e-01
6.776431202888488770e-02
-3.406983986496925354e-02
6.443578004837036133e-02
4.595249146223068237e-02
6.728364527225494385e-02
-8.490179665386676788e-03
2.939286641776561737e-02
-4.881678894162178040e-02
3.754034114535897970e-04
5.715033411979675293e-02
9.715210646390914917e-02
-1.539303455501794815e-02
2.522421069443225861e-02
1.400248050689697266e+00
1.261880546808242798e-01
1.744204759597778320e-01
-4.955462645739316940e-03
-7.547058910131454468e-02
2.050249427556991577e-01
5.833684280514717102e-02
-4.229732230305671692e-02
-3.520730510354042053e-02
7.599558681249618530e-03
1.388882994651794434e-01
-1.015089079737663269e-01
-1.731850206851959229e-02
-2.200219966471195221e-02
6.754476577043533325e-02
5.109850689768791199e-02
1.763763874769210815e-01
3.400475159287452698e-02
4.963983595371246338e-02
5.054857209324836731e-02
-4.227169603109359741e-02
7.674276083707809448e-02
-2.346746623516082764e-01
1.904481556266546249e-03
