-4.149170875549316406e+00
-3.253789186477661133e+00
-1.063732743263244629e+00
-9.197150468826293945e-01
-5.054726600646972656e+00
-1.430982589721679688e+00
-5.849264860153198242e-01
-3.178016662597656250e+00
-8.029310107231140137e-01
-2.930948019027709961e+00
-5.415772199630737305e-01
-3.087556838989257812e+00
-1.831723093986511230e+00
-9.821797013282775879e-01
-3.398462057113647461e+00
-2.813538312911987305e+00
-2.608281373977661133e+00
-2.746277093887329102e+00
-9.059621095657348633e-01
-1.865427732467651367e+00
-1.265138268470764160e+00
-9.991037845611572266e-01
-1.069818735122680664e+00
-5.236786603927612305e-01
-8.239287734031677246e-01
-1.084141254425048828e+00
-2.714474201202392578e+00
-3.693068027496337891e+00
-1.748216390609741211e+00
-1.036758661270141602e+00
-3.570777893066406250e+00
-4.162397861480712891e+00
-2.982795238494873047e+00
-1.154661774635314941e+00
-5.949814319610595703e-01
-9.853265881538391113e-01
-3.998358011245727539e+00
-3.212266445159912109e+00
-2.708064079284667969e+00
-3.171042442321777344e+00
-3.309999704360961914e+00
-2.515767097473144531e+00
-4.238699078559875488e-01
-2.481959104537963867e+00
-2.876793622970581055e+00
-8.459633588790893555e-01
-3.742846965789794922e+00
-2.411046504974365234e+00
-2.250626087188720703e+00
-2.112344026565551758e+00
-4.348942279815673828e+00
-5.753527283668518066e-01
-9.650213718414306641e-01
-1.564857363700866699e+00
-3.951407432556152344e+00
-3.519989013671875000e+00
4.016149044036865234e+00
-2.331162929534912109e+00
-4.543546199798583984e+00
-9.940495491027832031e-01
-1.286805748939514160e+00
-3.102387905120849609e+00
-3.754981517791748047e+00
-3.106619119644165039e+00
-4.810360431671142578e+00
-2.295081615447998047e+00
-9.349073767662048340e-01
-2.274326801300048828e+00
-3.640802383422851562e+00
-4.505862236022949219e+00
-5.250743389129638672e+00
-4.191963672637939453e+00
-5.997754931449890137e-01
-4.291656970977783203e+00
-2.167665719985961914e+00
-1.120536684989929199e+00
-2.107589483261108398e+00
-4.849550247192382812e+00
-9.612114429473876953e-01
-1.231520771980285645e+00
-4.681700706481933594e+00
-6.811860203742980957e-01
-1.207808017730712891e+00
-4.986822128295898438e+00
-1.922730922698974609e+00
-6.429812908172607422e-01
-1.262742280960083008e+00
-1.180103063583374023e+00
-4.415593147277832031e+00
-4.498253464698791504e-01
-1.932856917381286621e+00
-4.140652179718017578e+00
-2.659921884536743164e+00
-1.312827110290527344e+00
-2.239110469818115234e+00
-7.257182598114013672e-01
-1.041668653488159180e+00
-6.587443351745605469e-01
-4.518768310546875000e+00
-2.482891082763671875e+00
-9.769029617309570312e-01
-3.387443542480468750e+00
-3.268911361694335938e+00
-5.084526538848876953e+00
-3.323757171630859375e+00
-2.807650327682495117e+00
-1.050440669059753418e+00
-1.299514174461364746e+00
-1.607237339019775391e+00
-1.222342252731323242e+00
-1.265047550201416016e+00
-4.730264186859130859e+00
-1.264886379241943359e+00
-1.000193238258361816e+00
-2.632362842559814453e+00
-1.266459465026855469e+00
-9.000461101531982422e-01
-2.502419233322143555e+00
-2.597039699554443359e+00
-4.372904777526855469e+00
-2.870410680770874023e+00
-3.367692947387695312e+00
-1.085282325744628906e+00
-2.084236860275268555e+00
-7.454840540885925293e-01
-6.160326004028320312e-01
-4.820067405700683594e+00
-8.603334426879882812e-01
-3.762964487075805664e+00
-3.385617971420288086e+00
-1.531149268150329590e+00
-3.691200017929077148e+00
-2.109586715698242188e+00
-2.626712083816528320e+00
-9.193567633628845215e-01
-8.381085991859436035e-01
-1.606106638908386230e+00
-4.239265918731689453e+00
4.128188133239746094e+00
-2.999492168426513672e+00
-3.635496377944946289e+00
-3.530129194259643555e+00
-1.725911974906921387e+00
-7.274738550186157227e-01
-3.774329662322998047e+00
-5.217719554901123047e+00
-1.030465126037597656e+00
0.000000000000000000e+00
-2.424506664276123047e+00
-3.212235927581787109e+00
-3.084211587905883789e+00
-4.380334854125976562e+00
-1.504111528396606445e+00
-5.857054710388183594e+00
-3.202278912067413330e-01
-1.139496922492980957e+00
-1.188366770744323730e+00
-8.623578548431396484e-01
-1.956010699272155762e+00
-5.840850472450256348e-01
-4.031286239624023438e+00
-4.257555961608886719e+00
-2.112807750701904297e+00
-1.069966197013854980e+00
-1.734962821006774902e+00
-1.376555085182189941e+00
-8.654453158378601074e-01
-2.690605163574218750e+00
-1.766716480255126953e+00
-8.964058756828308105e-01
-1.494633555412292480e+00
-4.094612598419189453e+00
-2.094915390014648438e+00
-1.413228273391723633e+00
-9.758112430572509766e-01
-4.487147808074951172e+00
-7.907435297966003418e-01
-1.695289373397827148e+00
-3.834668993949890137e-01
4.249950885772705078e+00
-1.466701984405517578e+00
-5.070763111114501953e+00
-1.721806883811950684e+00
-7.901073098182678223e-01
-4.946764111518859863e-01
-4.573617458343505859e+00
3.547701358795166016e+00
-4.215175151824951172e+00
-2.585396528244018555e+00
-1.832075715065002441e+00
-2.049180984497070312e+00
-3.125253915786743164e+00
-1.556633830070495605e+00
-4.641608715057373047e+00
3.280674695968627930e+00
-2.992295026779174805e+00
-2.652322053909301758e+00
-3.227641105651855469e+00
-2.075293302536010742e+00
-2.045242309570312500e+00
-2.326982975006103516e+00
-1.171543955802917480e+00
-4.463751792907714844e+00
-2.096487760543823242e+00
-9.408368468284606934e-01
6.438022106885910034e-02
-3.362505912780761719e+00
-8.226559162139892578e-01
-1.885338306427001953e+00
-3.646715402603149414e+00
-4.536921024322509766e+00
-8.868300318717956543e-01
-2.280737400054931641e+00
-1.267552733421325684e+00
-1.180517435073852539e+00
-2.771209478378295898e+00
-1.404886126518249512e+00
-1.269338607788085938e+00
-1.914086818695068359e+00
-4.746730804443359375e+00
-4.861645221710205078e+00
-3.266833782196044922e+00
-2.745795249938964844e+00
-2.586595058441162109e+00
-1.724251151084899902e+00
-9.536442160606384277e-01
-3.517968177795410156e+00
-4.037057399749755859e+00
-3.581875324249267578e+00
-4.255064964294433594e+00
-2.855033874511718750e+00
-1.435696125030517578e+00
-1.440035820007324219e+00
-3.160301685333251953e+00
-3.037611722946166992e+00
-5.572377204895019531e+00
-3.138643264770507812e+00
-2.326026201248168945e+00
-8.903628587722778320e-01
-4.740941524505615234e+00
-2.290220499038696289e+00
-4.344271659851074219e+00
-8.145037293434143066e-01
-3.462184190750122070e+00
-3.581680536270141602e+00
-4.176091670989990234e+00
-3.380761146545410156e+00
-9.976796507835388184e-01
-2.544001102447509766e+00
-2.410662889480590820e+00
-1.021746993064880371e+00
-2.080757617950439453e+00
-1.226626873016357422e+00
-1.274396419525146484e+00
-2.395468711853027344e+00
-8.920138478279113770e-01
-4.797475337982177734e+00
-3.217427968978881836e+00
-3.878910303115844727e+00
-7.584963440895080566e-01
-1.899786949157714844e+00
-3.189630031585693359e+00
-9.850903153419494629e-01
-2.994938373565673828e+00
-3.086257696151733398e+00
-4.917794227600097656e+00
-1.091744542121887207e+00
-1.233358979225158691e+00
-8.899043798446655273e-01
-3.343328714370727539e+00
-1.712124586105346680e+00
-6.433666348457336426e-01
-8.872453570365905762e-01
-8.643312454223632812e-01
-3.826760768890380859e+00
-2.314593076705932617e+00
-1.221338033676147461e+00
-3.489069938659667969e+00
-7.330046296119689941e-01
-4.285688400268554688e+00
-2.161676406860351562e+00
-9.923849105834960938e-01
-5.062374591827392578e+00
-3.606330633163452148e+00
-2.988799571990966797e+00
-4.588114261627197266e+00
-1.054189205169677734e+00
-3.646852254867553711e+00
-2.166281938552856445e+00
-2.791519165039062500e+00
-3.544295549392700195e+00
-1.637434959411621094e+00
-2.797944784164428711e+00
-1.195029139518737793e+00
-9.530231356620788574e-01
-3.667646169662475586e+00
4.411685466766357422e+00
-1.272665143013000488e+00
-4.700460433959960938e+00
-1.418611168861389160e+00
-2.979996442794799805e+00
-4.845107555389404297e+00
-6.872540116310119629e-01
-1.749396562576293945e+00
-3.501637220382690430e+00
-6.440811157226562500e-01
-6.541230082511901855e-01
-1.621744394302368164e+00
-9.504770040512084961e-01
-3.250164270401000977e+00
-1.328131556510925293e+00
-4.691049575805664062e+00
-3.518192291259765625e+00
-4.044504642486572266e+00
-7.202668786048889160e-01
-4.165821552276611328e+00
-3.120043992996215820e+00
-4.184478759765625000e+00
-1.245834112167358398e+00
-1.165473461151123047e+00
