4.328843206167221069e-03
-1.293246150016784668e-01
1.576032042503356934e-01
3.713654354214668274e-02
-4.017545282840728760e-02
-7.961631752550601959e-03
-1.858724802732467651e-01
-2.055849321186542511e-02
1.466424316167831421e-01
6.477029919624328613e-01
5.290113389492034912e-02
7.128851115703582764e-02
-3.413821458816528320e-01
3.352822968736290932e-03
2.967142872512340546e-02
-6.111704185605049133e-02
1.906317099928855896e-02
-5.228222906589508057e-02
-7.927142381668090820e-01
-3.784640505909919739e-02
-3.852786868810653687e-02
-6.941638886928558350e-02
-1.719911992549896240e-01
1.400577127933502197e-01
1.949079990386962891e+00
-5.140577629208564758e-02
-6.260034441947937012e-02
-1.775559037923812866e-01
-4.102406501770019531e-01
-7.813631743192672729e-02
7.069750875234603882e-02
-1.531442403793334961e-01
1.538611054420471191e-01
2.390312999486923218e-01
-3.297485709190368652e-01
1.091834902763366699e-01
-7.501026149839162827e-03
-1.143169999122619629e-01
1.723429262638092041e-01
1.118770912289619446e-01
-2.018808275461196899e-01
-3.991019129753112793e-01
6.637732032686471939e-03
1.494762301445007324e-01
-3.803982399404048920e-03
-6.178531050682067871e-02
-2.206725776195526123e-01
-3.036791682243347168e-01
-1.624063998460769653e-01
-1.480978727340698242e-01
9.451523423194885254e-03
1.538179069757461548e-02
4.528182372450828552e-02
-1.126492097973823547e-01
-1.748807430267333984e-01
-9.620998799800872803e-02
1.594017446041107178e-01
-3.769364953041076660e-01
7.598968595266342163e-02
-7.619200646877288818e-02
2.767165601253509521e-01
1.414887048304080963e-02
-1.187810525298118591e-01
3.143311738967895508e-01
-3.642319887876510620e-02
-1.534368544816970825e-01
-3.490080311894416809e-02
7.218786329030990601e-02
-1.367859989404678345e-01
-9.493813663721084595e-02
2.003925442695617676e-01
-1.804883927106857300e-01
-9.589135646820068359e-02
-1.156056299805641174e-02
-3.034841418266296387e-01
1.829317398369312286e-02
1.428950548171997070e+00
8.527575992047786713e-03
1.404032409191131592e-01
-7.763738185167312622e-02
-2.577752433717250824e-02
4.334190860390663147e-03
-8.720243722200393677e-02
-5.903354287147521973e-02
-1.026536556310020387e-04
3.457481041550636292e-02
1.319016367197036743e-01
-2.828558720648288727e-02
1.087752878665924072e-01
-9.162025153636932373e-02
-7.137416303157806396e-02
3.444013372063636780e-02
2.042995691299438477e-01
2.880744636058807373e-01
5.327310040593147278e-02
5.065502971410751343e-02
-8.420147001743316650e-02
1.632629334926605225e-01
-2.185310609638690948e-02
8.711203932762145996e-02
1.165297105908393860e-01
1.138490363955497742e-01
9.132255911827087402e-01
-1.264682561159133911e-01
-2.003725767135620117e-01
9.256826713681221008e-03
-5.903458222746849060e-03
1.507526636123657227e-02
-7.255373895168304443e-02
8.951674215495586395e-03
-3.945582807064056396e-01
-1.955634355545043945e-01
-5.108557268977165222e-02
1.146594807505607605e-02
9.050148725509643555e-02
-8.915917947888374329e-03
-1.644028276205062866e-01
-2.743800915777683258e-02
5.335873924195766449e-03
-1.810728013515472412e-01
-2.591655775904655457e-02
-2.469211220741271973e-01
-3.504662811756134033e-01
3.719305247068405151e-02
-1.315448880195617676e-01
-1.136555150151252747e-02
8.564937114715576172e-02
-2.165745794773101807e-01
-1.399642229080200195e-01
-1.507754717022180557e-02
1.661334931850433350e-02
7.691010087728500366e-02
8.023203350603580475e-03
-7.105308771133422852e-02
2.719003241509199142e-03
1.611441075801849365e-01
1.995379664003849030e-02
5.162167549133300781e-01
1.329985074698925018e-02
-9.549263864755630493e-03
-2.798506431281566620e-02
-2.539391629397869110e-02
-9.547831118106842041e-02
-8.181003481149673462e-02
-4.574884101748466492e-02
1.106391400098800659e-01
5.486726760864257812e-02
-1.295500248670578003e-01
1.034047156572341919e-01
2.914021313190460205e-01
1.589837372303009033e-01
-1.195572838187217712e-01
-2.226949632167816162e-01
1.410235166549682617e-01
7.763247191905975342e-02
2.249611727893352509e-02
-2.667793445289134979e-02
-2.365804091095924377e-02
7.141566276550292969e-02
2.049229294061660767e-02
2.023088485002517700e-01
2.590118050575256348e-01
3.074409440159797668e-02
9.425927698612213135e-02
-1.214003860950469971e-01
1.292529106140136719e-01
1.854888349771499634e-01
-9.288927912712097168e-02
-1.261489465832710266e-02
1.628552749752998352e-02
1.221686452627182007e-01
4.823692142963409424e-02
-2.483751811087131500e-02
3.115184232592582703e-02
-4.382271319627761841e-02
1.456535235047340393e-02
9.533301740884780884e-02
-2.308187633752822876e-02
-1.994883120059967041e-01
-5.261357873678207397e-03
2.703736536204814911e-02
-9.674166887998580933e-02
-8.950340002775192261e-02
1.037493795156478882e-01
3.704371154308319092e-01
-1.902341097593307495e-01
5.618226900696754456e-02
6.482738256454467773e-02
6.484717130661010742e-02
-2.007304131984710693e-01
-2.207819372415542603e-02
-2.453241730108857155e-03
-2.160905301570892334e-01
-3.097209632396697998e-01
3.821205496788024902e-01
-1.059579942375421524e-02
1.461405009031295776e-01
-8.523287624120712280e-02
9.093458205461502075e-02
1.047944426536560059e-01
-6.359802931547164917e-02
7.435049861669540405e-02
-1.649401336908340454e-01
-1.651532500982284546e-01
9.665401652455329895e-03
4.030760005116462708e-02
8.264771848917007446e-02
1.110685765743255615e-01
-3.249984979629516602e-02
-2.572085559368133545e-01
-7.215745002031326294e-02
-7.982272654771804810e-02
2.388165518641471863e-02
2.292805314064025879e-01
2.786593139171600342e-01
7.094279676675796509e-02
1.262139827013015747e-01
-9.836564958095550537e-02
-3.977812454104423523e-02
8.815214037895202637e-02
2.530110441148281097e-02
3.738315775990486145e-02
1.542723625898361206e-01
4.591867923736572266e-01
1.210235208272933960e-01
6.814306229352951050e-02
9.407494962215423584e-02
1.951274089515209198e-02
-6.409910321235656738e-02
5.331991706043481827e-03
-4.197470843791961670e-01
6.511617917567491531e-03
8.127296715974807739e-02
2.378256246447563171e-02
-1.720326393842697144e-01
-1.980618685483932495e-01
1.450847089290618896e-01
6.019850447773933411e-02
-2.755873464047908783e-02
-8.393928408622741699e-02
1.498880684375762939e-01
5.816651135683059692e-02
-3.945313766598701477e-02
-3.725572302937507629e-02
-1.190649941563606262e-01
2.074149131774902344e+00
2.586669055745005608e-03
-5.978262051939964294e-03
1.916747167706489563e-02
-5.841255187988281250e-02
1.604513972997665405e-01
4.297404084354639053e-03
7.432831823825836182e-02
-7.056977599859237671e-02
1.190889403223991394e-01
9.018176198005676270e-01
-1.304114460945129395e-01
4.485420882701873779e-02
-1.124918088316917419e-01
6.253248453140258789e-02
-2.707941271364688873e-02
3.187740221619606018e-02
2.161199748516082764e-01
1.763900220394134521e-01
4.773831740021705627e-02
-1.191870927810668945e+00
8.034446835517883301e-02
1.831530928611755371e+00
1.533998250961303711e-01
-1.051972210407257080e-01
1.291240155696868896e-01
-1.499895304441452026e-01
-4.132183268666267395e-02
1.366201043128967285e-02
-6.311301141977310181e-03
2.143581211566925049e-02
-1.109073087573051453e-01
-3.194813802838325500e-02
-1.314380466938018799e-01
-4.473754018545150757e-02
-1.620167680084705353e-02
1.092178001999855042e-01
1.723875403404235840e-01
5.057841166853904724e-02
2.640355192124843597e-02
-1.035309833241626620e-04
-2.642496861517429352e-02
6.618420034646987915e-02
-3.023624420166015625e-01
-1.660776324570178986e-02
-4.217643663287162781e-02
-1.064293235540390015e-01
-9.305629879236221313e-03
-8.959827572107315063e-02
1.198436021804809570e+00
4.442477133125066757e-03
1.713617742061614990e-01
8.880828619003295898e-01
5.443788319826126099e-02
1.960112713277339935e-02
-1.907453984022140503e-01
-9.131819009780883789e-02
-2.235110104084014893e-02
6.178463622927665710e-02
2.144933640956878662e-01
-4.704049229621887207e-02
8.015989325940608978e-03
2.200553119182586670e-01
-2.739056758582592010e-02
1.815705932676792145e-02
3.545024991035461426e-02
-6.519737839698791504e-02
-5.811315774917602539e-01
3.579350188374519348e-02
-2.889289855957031250e-01
-5.720931291580200195e-02
-1.708564721047878265e-02
2.480071187019348145e-01
4.416184872388839722e-02
1.912237890064716339e-02
