-8.204740285873413086e-01
-9.929971694946289062e-01
-2.708974123001098633e+00
-9.435961842536926270e-01
-2.527264118194580078e+00
-2.589547872543334961e+00
-1.467774391174316406e+00
-3.145516157150268555e+00
-2.762265920639038086e+00
-2.924678087234497070e+00
-2.132188796997070312e+00
-1.715292692184448242e+00
-1.445060849189758301e+00
-1.408317804336547852e+00
-8.135361075401306152e-01
-3.721282243728637695e+00
-1.008859515190124512e+00
-1.181925892829895020e+00
-3.127113580703735352e+00
-8.003824949264526367e-01
-2.122409582138061523e+00
-1.460346341133117676e+00
-2.351352930068969727e+00
-4.413049817085266113e-01
-1.072014927864074707e+00
-3.500384807586669922e+00
-7.280011773109436035e-01
-3.595832109451293945e+00
-3.048935413360595703e+00
-1.935546159744262695e+00
-1.672403454780578613e+00
-3.216182708740234375e+00
-1.215981483459472656e+00
-1.809358358383178711e+00
-1.863438844680786133e+00
-1.106595873832702637e+00
-1.112947225570678711e+00
-1.531258344650268555e+00
-3.538165092468261719e+00
-4.161793708801269531e+00
-1.964689970016479492e+00
-2.030919790267944336e+00
-3.571616888046264648e+00
-1.963686704635620117e+00
2.965201854705810547e+00
-1.113924026489257812e+00
-2.153981924057006836e+00
-3.296025753021240234e+00
-2.184266090393066406e+00
-2.457741498947143555e+00
-1.477544546127319336e+00
-1.598645925521850586e+00
-3.229256153106689453e+00
-5.460152029991149902e-01
-1.079439520835876465e+00
-2.854320287704467773e+00
-2.778273344039916992e+00
3.670235633850097656e+00
1.553057193756103516e+00
-1.810011625289916992e+00
-1.121528506278991699e+00
-2.919446229934692383e+00
-1.806769132614135742e+00
-1.937383651733398438e+00
-1.085707545280456543e+00
-7.940310239791870117e-01
-2.502767562866210938e+00
-2.944763183593750000e+00
-2.763388633728027344e+00
-5.818981528282165527e-01
-2.073502063751220703e+00
-1.664585113525390625e+00
-1.842221021652221680e+00
-1.793321609497070312e+00
-1.878980040550231934e+00
4.174549102783203125e+00
-6.992458701133728027e-01
-1.267730116844177246e+00
-1.574032664299011230e+00
-9.267607331275939941e-01
-5.236245393753051758e-01
-2.109189987182617188e+00
-1.822091341018676758e+00
-3.170432090759277344e+00
-1.643251299858093262e+00
-1.060458779335021973e+00
-3.757096767425537109e+00
-2.454994678497314453e+00
-1.309445858001708984e+00
-5.124101161956787109e+00
-1.690100789070129395e+00
-4.024487495422363281e+00
-2.715403556823730469e+00
-3.248123407363891602e+00
-2.981310606002807617e+00
-1.963013887405395508e+00
-1.703908920288085938e+00
-8.848171830177307129e-01
-2.565073490142822266e+00
-4.629343509674072266e+00
-3.971867561340332031e+00
-1.550299286842346191e+00
-2.902477979660034180e+00
-1.064009547233581543e+00
-6.655614376068115234e-01
-5.316642522811889648e-01
-8.773113489151000977e-01
-3.555036306381225586e+00
-2.210151672363281250e+00
-1.693638324737548828e+00
-1.112820148468017578e+00
-2.546681642532348633e+00
-1.757982850074768066e+00
-1.861084342002868652e+00
-1.031686544418334961e+00
-2.356663227081298828e+00
-9.939378499984741211e-01
-1.083639979362487793e+00
-2.466846227645874023e+00
-3.096502721309661865e-01
-2.134792327880859375e+00
-6.683483123779296875e-01
9.622213244438171387e-02
-7.535074949264526367e-01
-1.239823579788208008e+00
-2.905509710311889648e+00
-1.031987905502319336e+00
-1.515101432800292969e+00
-1.706850767135620117e+00
-4.187604427337646484e+00
-3.186201572418212891e+00
-1.163490653038024902e+00
-3.588129281997680664e+00
-1.491739749908447266e+00
-7.305446267127990723e-01
-4.140813350677490234e+00
-9.071541428565979004e-01
-1.332604646682739258e+00
-2.055025577545166016e+00
-1.397154211997985840e+00
-1.894689083099365234e+00
-3.399404525756835938e+00
-1.565687775611877441e+00
-1.704704999923706055e+00
-1.342089772224426270e+00
-2.789105176925659180e+00
-2.367115974426269531e+00
-8.392846584320068359e-01
-1.023704886436462402e+00
-1.096723198890686035e+00
-1.649164557456970215e+00
-1.986351251602172852e+00
-3.898369312286376953e+00
-1.845686674118041992e+00
-4.244367599487304688e+00
1.881561242043972015e-02
-3.101042985916137695e+00
-1.317202925682067871e+00
-2.075151443481445312e+00
-1.259667158126831055e+00
-1.672565340995788574e+00
-3.435613393783569336e+00
-3.292635679244995117e+00
-1.758602857589721680e+00
-1.599642992019653320e+00
-4.528425216674804688e+00
-1.941068530082702637e+00
-1.899510741233825684e+00
-1.075245141983032227e+00
3.153797388076782227e+00
-1.079255342483520508e+00
-2.290704250335693359e+00
-1.578774333000183105e+00
-1.498942375183105469e+00
-1.451761245727539062e+00
-2.068359851837158203e+00
-6.522802710533142090e-01
-9.207073450088500977e-01
-2.280540227890014648e+00
-1.749686121940612793e+00
-1.308119177818298340e+00
-1.533870816230773926e+00
-3.045603275299072266e+00
-3.214993476867675781e+00
-4.345981180667877197e-01
-2.126448869705200195e+00
-4.218956947326660156e+00
-2.622965097427368164e+00
-1.631242632865905762e+00
-1.364375591278076172e+00
-1.344907045364379883e+00
-1.741032481193542480e+00
-8.172032833099365234e-01
-8.816636800765991211e-01
-2.338521718978881836e+00
-9.932612180709838867e-01
-1.026935219764709473e+00
-4.553020477294921875e+00
-3.612117052078247070e+00
-2.014044046401977539e+00
-1.463387370109558105e+00
-5.236703753471374512e-01
-2.568107843399047852e+00
-1.135473847389221191e+00
-2.317807435989379883e+00
-3.484766483306884766e+00
-1.416819453239440918e+00
-1.809320092201232910e+00
-1.868757605552673340e+00
-2.061295270919799805e+00
-7.808673381805419922e-01
-2.029572725296020508e+00
-2.904721498489379883e+00
-5.181399345397949219e+00
-1.356050729751586914e+00
-7.914411425590515137e-01
-3.421426296234130859e+00
-1.871209979057312012e+00
-1.019410729408264160e+00
-3.332589149475097656e+00
-1.128183364868164062e+00
-1.666262269020080566e+00
-4.016207695007324219e+00
-2.099901676177978516e+00
-1.212776184082031250e+00
-6.967183351516723633e-01
-1.435695171356201172e+00
-2.368041992187500000e+00
-2.767154693603515625e+00
-2.903120994567871094e+00
-1.043913245201110840e+00
-3.760819435119628906e+00
-4.746082782745361328e+00
-2.708610534667968750e+00
-2.019707918167114258e+00
-4.090686321258544922e+00
-2.205882549285888672e+00
-2.245013952255249023e+00
-9.320483207702636719e-01
-1.197904348373413086e+00
-1.624134659767150879e+00
-3.298716783523559570e+00
-1.984950065612792969e+00
-1.336544394493103027e+00
-7.170803546905517578e-01
-1.025193214416503906e+00
-1.962732315063476562e+00
-2.225534170866012573e-01
-6.587113738059997559e-01
-2.617765188217163086e+00
-4.685811996459960938e+00
-2.444001674652099609e+00
-9.114692807197570801e-01
-1.827479243278503418e+00
-2.353854894638061523e+00
-8.944498896598815918e-01
-1.156966686248779297e+00
-2.800338745117187500e+00
-7.997164726257324219e-01
-1.001264691352844238e+00
-3.684439420700073242e+00
-4.237186908721923828e+00
-1.122420787811279297e+00
-1.459990859031677246e+00
-1.986570119857788086e+00
-5.018273830413818359e+00
-2.267936944961547852e+00
-8.409088850021362305e-01
4.595333099365234375e+00
-1.096201777458190918e+00
-2.906919717788696289e+00
-1.735516190528869629e+00
-1.359135508537292480e+00
-2.640712022781372070e+00
-1.555033922195434570e+00
-3.647152423858642578e+00
-1.167010068893432617e+00
-2.815838336944580078e+00
-1.474612355232238770e+00
-1.051638364791870117e+00
-1.931872487068176270e+00
-1.816758751869201660e+00
-5.170401930809020996e-01
-4.622114658355712891e+00
-3.675128221511840820e+00
-9.427276849746704102e-01
-2.381046056747436523e+00
-3.224980592727661133e+00
-2.842273950576782227e+00
-1.331676006317138672e+00
-1.713333725929260254e+00
-1.023165941238403320e+00
-2.068749427795410156e+00
-2.543973207473754883e+00
-3.641018629074096680e+00
-2.628811836242675781e+00
-9.747718572616577148e-01
-2.891600608825683594e+00
-1.422128915786743164e+00
-4.457782268524169922e+00
-2.571429729461669922e+00
-2.368683576583862305e+00
-1.301288127899169922e+00
-1.216932177543640137e+00
-2.642323970794677734e+00
-3.434357404708862305e+00
-1.115727901458740234e+00
-2.781759500503540039e+00
-1.144567728042602539e+00
-2.020496129989624023e+00
-1.786307573318481445e+00
-8.377040624618530273e-01
-2.226369857788085938e+00
-1.419290065765380859e+00
-2.199488401412963867e+00
-1.378091454505920410e+00
4.153179168701171875e+00
-2.256170272827148438e+00
-1.676855206489562988e+00
-3.247021675109863281e+00
