-2.730713225901126862e-02
-1.697470806539058685e-02
2.322240620851516724e-01
1.798642799258232117e-02
-7.712642848491668701e-02
-2.718229405581951141e-02
3.606363665312528610e-03
6.558750569820404053e-02
-3.082702681422233582e-02
-7.758796960115432739e-02
7.627671211957931519e-02
-6.692317128181457520e-02
2.307069860398769379e-02
1.425690650939941406e-01
4.468923434615135193e-02
-1.287398301064968109e-02
7.789611071348190308e-02
-4.276609048247337341e-02
1.680109351873397827e-01
-4.018604010343551636e-02
-8.702988736331462860e-03
-2.550400793552398682e-02
2.037205360829830170e-02
2.463297247886657715e-01
2.160705178976058960e-01
-2.843312360346317291e-02
2.040333896875381470e-01
-3.600303083658218384e-02
-2.940367348492145538e-02
5.073021724820137024e-02
-3.001144342124462128e-02
6.966878473758697510e-02
-4.047288373112678528e-02
3.504964336752891541e-02
9.952023625373840332e-02
7.369918376207351685e-02
-8.726628124713897705e-02
1.270316392183303833e-01
9.862779080867767334e-02
-3.243374824523925781e-02
6.683403998613357544e-02
1.532138325273990631e-02
-6.388556957244873047e-02
-3.239555656909942627e-02
-5.413884520530700684e-01
4.371338337659835815e-02
3.183411806821823120e-02
1.490397453308105469e-01
-2.950747497379779816e-03
-5.854334309697151184e-02
-1.949257701635360718e-01
3.920202329754829407e-02
1.065981537103652954e-01
-6.763371173292398453e-03
-2.805116958916187286e-02
3.709932416677474976e-02
3.407542034983634949e-02
-1.247766256332397461e+00
1.282124996185302734e+00
1.386153278872370720e-03
9.544291347265243530e-02
1.242230180650949478e-02
5.125274509191513062e-02
-1.761566847562789917e-01
1.834244467318058014e-02
-1.646628081798553467e-01
-1.278320513665676117e-02
-4.204357042908668518e-02
-3.091775439679622650e-02
-9.868656098842620850e-02
-8.933395147323608398e-02
1.121150888502597809e-02
1.842577010393142700e-02
4.492089897394180298e-02
-2.345817349851131439e-02
1.473796963691711426e+00
-8.613117784261703491e-02
-1.142508164048194885e-02
3.489743769168853760e-01
-3.480260819196701050e-02
1.737984865903854370e-01
7.831463962793350220e-02
1.088584028184413910e-02
-3.313440596684813499e-03
-2.959767542779445648e-02
2.418727613985538483e-03
1.147268339991569519e-03
-1.187756136059761047e-01
3.065163642168045044e-02
3.742622956633567810e-02
8.371501229703426361e-03
-1.845126301050186157e-01
3.376669017598032951e-03
-3.377454727888107300e-02
-3.205738961696624756e-02
8.957317098975181580e-03
1.211566105484962463e-02
5.911873579025268555e-01
-2.710050716996192932e-02
-6.398959085345268250e-04
-4.069082811474800110e-02
1.933404207229614258e-01
1.541980449110269547e-02
1.542337238788604736e-01
1.893431544303894043e+00
4.746398888528347015e-03
-8.516944944858551025e-03
-3.356487303972244263e-02
3.285008668899536133e-02
-3.384063765406608582e-02
4.476759582757949829e-02
-1.835841871798038483e-02
-1.706224400550127029e-03
1.998443007469177246e-01
-1.532900705933570862e-02
3.199777007102966309e-02
3.701620921492576599e-02
-1.783072054386138916e-01
2.938446961343288422e-02
-1.282044220715761185e-02
1.460581868886947632e-01
1.048360466957092285e-01
-2.369302324950695038e-02
-7.208890467882156372e-02
-3.743060678243637085e-02
-2.740203402936458588e-02
7.702980935573577881e-02
-3.688067570328712463e-02
-3.104849345982074738e-02
-3.912165015935897827e-02
-1.283170375972986221e-02
3.681140393018722534e-02
-2.305193431675434113e-02
-2.202239781618118286e-01
5.389969795942306519e-02
-1.124583110213279724e-01
7.717724889516830444e-02
-5.050819739699363708e-02
-7.375989109277725220e-02
3.120954521000385284e-02
9.891098737716674805e-02
-5.251207575201988220e-02
1.255209278315305710e-02
2.823443710803985596e-01
8.392358571290969849e-02
-5.227116122841835022e-02
-1.718243509531021118e-01
2.466393448412418365e-02
1.920845061540603638e-01
-1.548740863800048828e-01
-2.109454385936260223e-02
3.764870390295982361e-02
2.062673717737197876e-01
3.568381071090698242e-02
1.087994500994682312e-02
-9.458258748054504395e-03
-2.235015332698822021e-01
-1.509143970906734467e-02
6.362402439117431641e-02
-2.290728734806180000e-03
-1.680100411176681519e-01
4.628482833504676819e-02
4.828278440982103348e-03
-2.045229449868202209e-02
2.585329413414001465e-01
8.288655430078506470e-03
-2.205551862716674805e-01
9.334508329629898071e-02
-2.585060521960258484e-02
1.602721661329269409e-01
-3.667087480425834656e-02
5.734033882617950439e-02
-2.613564766943454742e-02
5.368962511420249939e-02
-1.893391609191894531e-01
1.644394844770431519e-01
1.452168345451354980e+00
-1.111824735999107361e-01
-1.026538237929344177e-01
-1.292042806744575500e-02
-1.246533989906311035e-01
4.394497256726026535e-03
1.316767651587724686e-02
-6.544091552495956421e-02
-2.022854238748550415e-02
-7.435721158981323242e-02
4.190753027796745300e-02
9.381458163261413574e-03
-1.935687288641929626e-02
-3.090618178248405457e-02
-7.450591027736663818e-02
3.052419796586036682e-02
6.733293831348419189e-02
-1.962874084711074829e-01
7.103966549038887024e-03
9.304408915340900421e-03
1.167601272463798523e-01
-1.878362596035003662e-01
7.511674612760543823e-02
-7.407673448324203491e-02
1.967394202947616577e-01
-2.097439765930175781e-02
1.456285943277180195e-03
2.919626981019973755e-02
8.500699698925018311e-02
2.103542722761631012e-02
-6.400684360414743423e-03
5.608994886279106140e-02
2.205079942941665649e-01
-1.126482710242271423e-02
-2.433216273784637451e-01
4.878376610577106476e-03
-1.438174280337989330e-03
-1.310343760997056961e-02
-5.327403172850608826e-02
1.745167374610900879e-02
-4.380604997277259827e-02
-2.203328460454940796e-01
8.912368863821029663e-02
-8.203213661909103394e-02
-4.614951461553573608e-02
-2.426882088184356689e-01
7.552255690097808838e-02
1.604203693568706512e-02
-2.468630373477935791e-01
-4.619304239749908447e-01
-1.354693472385406494e-01
-2.466469407081604004e-01
-5.035843700170516968e-02
-2.651700517162680626e-03
1.376186013221740723e-01
-6.636099424213171005e-03
-1.230252627283334732e-02
7.313100621104240417e-03
-6.908942759037017822e-02
-8.388291299343109131e-02
-2.525425050407648087e-03
3.849836438894271851e-02
2.088496088981628418e-02
-1.523209642618894577e-02
1.518820691853761673e-02
-4.167864471673965454e-02
-8.528254181146621704e-02
-1.454375982284545898e-01
1.094825744628906250e+00
-3.765238821506500244e-01
2.285958733409643173e-03
-1.680657826364040375e-02
-9.587079286575317383e-02
3.947616368532180786e-02
5.238851159811019897e-02
-1.929017715156078339e-02
5.694743990898132324e-01
2.873446978628635406e-02
7.056883722543716431e-02
1.391727104783058167e-02
-3.051596321165561676e-02
-7.675101514905691147e-03
-6.212056148797273636e-03
-2.683731960132718086e-03
-2.549489028751850128e-02
4.415167123079299927e-02
-1.374882608652114868e-01
-2.563922666013240814e-02
-7.283164560794830322e-02
4.058001562952995300e-02
-1.637930721044540405e-01
1.044000014662742615e-01
-1.646186470985412598e+00
8.096519112586975098e-02
-5.001932755112648010e-02
3.656081110239028931e-02
-3.837769627571105957e-01
-5.504566431045532227e-02
9.730176627635955811e-02
-1.150327548384666443e-02
2.154037803411483765e-01
5.884365737438201904e-02
-8.091212250292301178e-03
1.349635049700737000e-02
1.724675595760345459e-01
-2.887329161167144775e-01
-7.022935152053833008e-02
-1.379768643528223038e-02
1.022705808281898499e-02
-6.650610268115997314e-02
9.929569438099861145e-03
-5.402497574687004089e-02
-3.109691105782985687e-02
1.437536031007766724e-01
9.058075025677680969e-03
1.040652468800544739e-01
2.968133613467216492e-02
-2.465923130512237549e-02
8.816693723201751709e-02
3.512477502226829529e-02
-4.957668110728263855e-02
-1.790105365216732025e-02
-1.408509016036987305e-01
9.004133194684982300e-02
3.278774023056030273e-02
1.920571029186248779e-01
-1.428604274988174438e-01
-1.170811504125595093e-01
2.205425314605236053e-02
-1.504490077495574951e-01
4.937933385372161865e-02
-5.292135104537010193e-02
6.801482290029525757e-02
-3.151354566216468811e-02
-8.500526100397109985e-02
-6.102664768695831299e-02
7.475596666336059570e-02
-1.508303135633468628e-01
3.210160508751869202e-02
-6.287382543087005615e-02
1.335547208786010742e+00
5.547686293721199036e-02
4.716313257813453674e-02
3.816452622413635254e-02
