-8.293256163597106934e-01
-2.909256458282470703e+00
-3.395582675933837891e+00
-2.700083255767822266e+00
-9.644705653190612793e-01
-1.259428381919860840e+00
-9.475417137145996094e-01
-2.893361568450927734e+00
-2.148516416549682617e+00
-6.160461306571960449e-01
-9.230121970176696777e-01
-4.710785388946533203e+00
-1.349095702171325684e+00
-2.964339256286621094e+00
-8.409166336059570312e-01
-2.242652893066406250e+00
-2.584399461746215820e+00
-2.172413349151611328e+00
-8.350908279418945312e+00
-1.771094322204589844e+00
-3.038138151168823242e+00
-1.806909203529357910e+00
-1.782786011695861816e+00
-3.057010650634765625e+00
-8.249599337577819824e-01
-7.239360213279724121e-01
-2.577246189117431641e+00
-1.084978103637695312e+00
-3.922587156295776367e+00
-9.506070613861083984e-01
-8.806431889533996582e-01
-5.830518722534179688e+00
-4.211892127990722656e+00
-3.373688459396362305e+00
-3.087725639343261719e-01
-1.243171691894531250e+00
-7.484771609306335449e-01
-4.636499583721160889e-01
-2.112899541854858398e+00
-3.164676904678344727e+00
-5.228616714477539062e+00
-9.438214302062988281e-01
-1.548731625080108643e-01
-2.793529033660888672e+00
-2.514076709747314453e+00
-3.978997707366943359e+00
-3.612724781036376953e+00
-2.929653882980346680e+00
-2.902957677841186523e+00
-7.272887229919433594e-01
-4.116232693195343018e-01
-4.181174755096435547e+00
-3.831751823425292969e+00
-3.152618169784545898e+00
-3.801829338073730469e+00
-2.051802396774291992e+00
-1.561044335365295410e+00
-7.685701847076416016e-01
-1.176426172256469727e+00
-3.559448242187500000e+00
-2.606145858764648438e+00
-3.399691581726074219e+00
-4.174651145935058594e+00
-9.307703375816345215e-01
-1.535222053527832031e+00
-1.671358227729797363e+00
-3.822461128234863281e+00
-5.030671596527099609e+00
-1.360847949981689453e+00
-2.576714754104614258e+00
-9.185616970062255859e-01
-2.469851016998291016e+00
-8.338544368743896484e-01
-1.101615786552429199e+00
-3.251834869384765625e+00
-2.906325340270996094e+00
-4.369816303253173828e+00
-1.029001474380493164e+00
-3.865027189254760742e+00
-3.040773391723632812e+00
-2.201474666595458984e+00
-1.851855635643005371e+00
-1.270642399787902832e+00
-2.238230943679809570e+00
-3.227032899856567383e+00
-1.833790302276611328e+00
-2.857764720916748047e+00
-1.208219408988952637e+00
-3.052886962890625000e+00
-3.616780042648315430e+00
-3.117260217666625977e+00
-8.706256747245788574e-01
-1.104308724403381348e+00
-1.229346394538879395e+00
-2.951381683349609375e+00
-3.515451431274414062e+00
-1.535264611244201660e+00
-1.381442397832870483e-01
-7.228878736495971680e-01
-4.219352722167968750e+00
-1.140551328659057617e+00
-6.575808525085449219e-01
-6.863031983375549316e-01
-6.067018508911132812e-01
-1.734857320785522461e+00
3.280848562717437744e-01
-1.946693301200866699e+00
-2.752660512924194336e+00
-1.172425746917724609e+00
-9.415205717086791992e-01
-4.160150885581970215e-01
-2.865746259689331055e+00
-4.020986080169677734e+00
-3.610747814178466797e+00
-3.118566989898681641e+00
-2.865991115570068359e+00
-2.283570289611816406e+00
-2.321551084518432617e+00
-1.203085780143737793e+00
-3.051568269729614258e+00
-3.600560188293457031e+00
-3.670858740806579590e-01
-4.416487216949462891e-01
-2.246000528335571289e+00
-2.681987047195434570e+00
-2.532894849777221680e+00
-9.627076983451843262e-01
-4.534994602203369141e+00
-4.591181755065917969e+00
-7.151612043380737305e-01
-1.121327996253967285e+00
-6.840861439704895020e-01
-9.584559202194213867e-01
-3.079863071441650391e+00
-3.221647500991821289e+00
-2.034238576889038086e+00
-3.457694292068481445e+00
-4.442549705505371094e+00
-2.423364877700805664e+00
-3.795334100723266602e+00
-2.832585811614990234e+00
-3.830111503601074219e+00
-1.732825040817260742e+00
-2.858731031417846680e+00
-3.113216161727905273e+00
-3.942039012908935547e+00
-2.354186773300170898e+00
-3.859396219253540039e+00
-3.114346742630004883e+00
-2.454253435134887695e+00
-4.935197234153747559e-01
-2.698101043701171875e+00
-3.537018775939941406e+00
-1.235759854316711426e+00
-3.616947412490844727e+00
-5.947570204734802246e-01
-2.762008905410766602e+00
-3.949139595031738281e+00
-3.891558647155761719e+00
-3.032286882400512695e+00
-1.777018189430236816e+00
-3.327407598495483398e+00
-3.100921392440795898e+00
-2.680101871490478516e+00
-4.132937431335449219e+00
-1.978153705596923828e+00
-3.380483388900756836e+00
-3.003308057785034180e+00
-3.744188070297241211e+00
-1.087797522544860840e+00
-2.457400560379028320e+00
-4.355182647705078125e+00
-9.309411644935607910e-01
-2.419726610183715820e+00
-3.150682926177978516e+00
-2.544378280639648438e+00
-1.939387559890747070e+00
-6.060824394226074219e-01
-3.206603288650512695e+00
-1.383993506431579590e+00
-8.131793141365051270e-01
-3.835985422134399414e+00
-1.937462091445922852e+00
-2.398259401321411133e+00
-1.548147916793823242e+00
-1.161799907684326172e+00
-2.738683700561523438e+00
-2.254831552505493164e+00
-5.846018195152282715e-01
-1.001569867134094238e+00
-2.688508987426757812e+00
-8.979327678680419922e-01
-3.384403705596923828e+00
-1.480580091476440430e+00
1.168758869171142578e+00
-1.192539930343627930e+00
-1.974063277244567871e+00
-2.137580871582031250e+00
-3.493832349777221680e+00
-2.743233442306518555e+00
-1.022668361663818359e+00
-1.946539640426635742e+00
-1.294094026088714600e-01
-2.702693939208984375e+00
-2.486608743667602539e+00
-2.750468492507934570e+00
-1.798780441284179688e+00
-3.081883192062377930e+00
-3.086556911468505859e+00
-5.584055781364440918e-01
-1.209932684898376465e+00
-7.575038671493530273e-01
-2.771035432815551758e+00
-1.745483756065368652e+00
-4.009244918823242188e+00
-3.041129827499389648e+00
-3.775323867797851562e+00
-4.622508049011230469e+00
-2.976927995681762695e+00
-4.268498897552490234e+00
-2.180959463119506836e+00
-6.280651688575744629e-01
-1.208314418792724609e+00
-5.173989772796630859e+00
-4.065040111541748047e+00
-3.656980037689208984e+00
-1.002360701560974121e+00
-4.461218357086181641e+00
-2.880610704421997070e+00
-8.779754638671875000e-01
-8.585368990898132324e-01
-2.134900331497192383e+00
-4.773878097534179688e+00
-2.008586406707763672e+00
-5.169053077697753906e+00
-4.533527851104736328e+00
-2.301044940948486328e+00
-2.351890325546264648e+00
-1.156662464141845703e+00
-2.246347427368164062e+00
-3.917291164398193359e+00
-3.153356552124023438e+00
-1.047919869422912598e+00
-4.597157955169677734e+00
-3.384591341018676758e+00
-8.897230625152587891e-01
-2.221362113952636719e+00
-1.774454116821289062e+00
-2.249242544174194336e+00
-5.125416278839111328e+00
-3.081443786621093750e+00
-1.954879641532897949e+00
-4.460874557495117188e+00
-8.487713932991027832e-01
-3.902099132537841797e+00
-9.138370156288146973e-01
-2.440892934799194336e+00
-2.883284807205200195e+00
-3.618154048919677734e+00
-3.752891302108764648e+00
-8.141722083091735840e-01
-2.324494838714599609e+00
-2.136935949325561523e+00
-1.673671364784240723e+00
-1.111792206764221191e+00
3.340220212936401367e+00
-3.809730529785156250e+00
5.483459234237670898e-01
-1.131587505340576172e+00
-3.655104398727416992e+00
-1.050281286239624023e+00
-3.440161228179931641e+00
-2.315982818603515625e+00
5.579396486282348633e-01
-9.772062897682189941e-01
-5.741104483604431152e-01
-4.599066257476806641e+00
-1.409059524536132812e+00
-4.991350650787353516e+00
-4.885296344757080078e+00
-7.885060906410217285e-01
-9.726432561874389648e-01
-3.009600639343261719e+00
-9.416522979736328125e-01
-4.099630355834960938e+00
-4.398121237754821777e-01
-2.438923835754394531e+00
-2.259763717651367188e+00
-3.909352064132690430e+00
-1.416041493415832520e+00
-1.857293248176574707e+00
-1.193550825119018555e+00
-2.644133567810058594e+00
-7.371665239334106445e-01
-8.643044233322143555e-01
-3.227528333663940430e+00
-1.710649013519287109e+00
2.318159341812133789e+00
-1.411383152008056641e+00
-4.415767192840576172e+00
-1.163718342781066895e+00
-8.926386237144470215e-01
-3.245898485183715820e+00
-2.903900861740112305e+00
-1.079327344894409180e+00
-3.662346839904785156e+00
-1.989438772201538086e+00
-3.184980154037475586e+00
-3.312845230102539062e+00
-1.017036437988281250e+00
-2.898324966430664062e+00
-3.586354017257690430e+00
-1.958135217428207397e-01
-3.328568696975708008e+00
-3.141474425792694092e-01
-3.465394020080566406e+00
-4.053988933563232422e+00
-3.669795036315917969e+00
-2.032651424407958984e+00
-3.391927480697631836e+00
