-1.283784061670303345e-01
5.685099586844444275e-02
-1.320080310106277466e-01
-1.081811711192131042e-01
-1.340087652206420898e-01
-3.969768062233924866e-02
1.353604625910520554e-02
-1.322413563728332520e+00
-6.241480633616447449e-02
1.401794403791427612e-01
-4.014753550291061401e-02
-2.446757443249225616e-02
-4.395058006048202515e-02
-1.828445345163345337e-01
-1.677098125219345093e-01
-2.529922127723693848e-01
1.341597139835357666e-01
-1.865608803927898407e-02
-1.063714995980262756e-01
1.171583868563175201e-02
2.060644701123237610e-02
4.014864936470985413e-02
7.774880155920982361e-03
4.597841203212738037e-02
1.909363828599452972e-02
5.666383355855941772e-02
-5.621281638741493225e-02
-1.626449823379516602e-02
-2.273110747337341309e-01
2.800839021801948547e-02
-9.158042818307876587e-02
-1.078912019729614258e-01
-7.324658334255218506e-02
3.391038775444030762e-01
8.633312582969665527e-02
1.711578108370304108e-02
1.613616347312927246e-01
-3.437033668160438538e-02
-1.443940997123718262e-01
1.630500406026840210e-01
-1.737021724693477154e-03
-4.519025981426239014e-02
1.537292897701263428e-01
-8.775766007602214813e-03
-2.344878204166889191e-02
-2.460285723209381104e-01
-2.111528627574443817e-02
5.258501321077346802e-02
-2.368584088981151581e-02
-5.164986848831176758e-02
6.758530139923095703e-01
1.141671091318130493e-02
-1.054883375763893127e-01
-3.027380444109439850e-02
-4.973847791552543640e-02
-1.429121017456054688e+00
-9.256885945796966553e-02
1.258227322250604630e-02
3.541286662220954895e-02
-9.391202032566070557e-02
6.975381076335906982e-02
-4.678010195493698120e-02
6.229926273226737976e-02
-7.615622133016586304e-02
-6.432037800550460815e-02
7.877891510725021362e-02
-2.418955229222774506e-02
-1.599378185346722603e-03
9.175150841474533081e-02
7.064507156610488892e-02
-3.645998239517211914e-01
-1.969464868307113647e-01
-2.530477643013000488e-01
2.284912317991256714e-01
1.491979956626892090e-01
-4.340233653783798218e-02
-4.799325764179229736e-02
-1.123857032507658005e-02
-1.119855865836143494e-01
-1.017608717083930969e-01
-3.395087644457817078e-02
-2.271471321582794189e-01
-3.249645978212356567e-02
-2.452560886740684509e-02
6.579680740833282471e-02
-3.536463249474763870e-03
-2.716239728033542633e-02
-4.153798893094062805e-02
3.968572244048118591e-03
1.455405354499816895e-01
-7.827459485270082951e-04
-1.058636009693145752e-01
1.563092470169067383e-01
-1.348248624708503485e-04
5.694255698472261429e-03
3.066653385758399963e-03
3.847532719373703003e-02
-2.897019684314727783e-01
-1.543944776058197021e-01
7.076282054185867310e-02
-2.343721501529216766e-02
-1.028007194399833679e-01
-1.442416757345199585e-01
2.035271078348159790e-01
1.009539723396301270e+00
-3.281711414456367493e-02
5.046026781201362610e-02
-4.387812018394470215e-01
8.775889128446578979e-02
-8.052023127675056458e-03
5.343269184231758118e-02
5.579961836338043213e-02
-9.300916641950607300e-02
-1.654982328414916992e+00
-1.377313882112503052e-01
-4.976642876863479614e-02
1.736981272697448730e-01
-5.122036114335060120e-02
-6.887182593345642090e-02
1.256463289260864258e+00
-1.302632689476013184e-01
1.125406697392463684e-01
-1.400000303983688354e-01
-5.973777920007705688e-02
-9.238602966070175171e-02
1.303364522755146027e-02
-7.599975466728210449e-01
-6.423700600862503052e-02
-2.506276033818721771e-02
-7.983453571796417236e-02
1.183217093348503113e-01
-1.507200896739959717e-01
1.027891598641872406e-02
-9.931951016187667847e-02
3.770455420017242432e-01
9.610398858785629272e-02
-3.111926279962062836e-02
-1.816778928041458130e-01
4.436114057898521423e-02
7.326591294258832932e-03
-2.315459400415420532e-02
-1.960358582437038422e-03
1.293985452502965927e-02
3.976967558264732361e-02
1.362568885087966919e-01
-2.119254134595394135e-02
-6.821195781230926514e-02
9.313265234231948853e-02
1.026088604703545570e-03
1.446202695369720459e-01
-9.377571940422058105e-01
-1.278309226036071777e-01
-1.591158658266067505e-01
1.734927892684936523e-01
2.004796639084815979e-03
-1.111420318484306335e-01
7.004068698734045029e-03
2.538314647972583771e-02
1.217777654528617859e-01
3.427800908684730530e-02
-5.946004763245582581e-02
7.974463701248168945e-02
-1.142417937517166138e-01
1.734547466039657593e-01
-9.201469272375106812e-02
-8.740453720092773438e-01
3.957819193601608276e-02
-9.887881278991699219e-01
-2.202196717262268066e-01
1.749637424945831299e-01
-4.886486753821372986e-02
4.583125561475753784e-02
9.636908024549484253e-02
2.261574119329452515e-01
-1.079228371381759644e-01
4.450425505638122559e-02
-1.218258589506149292e-01
-1.015853360295295715e-01
-1.798435449600219727e-01
-9.093222208321094513e-03
1.615854799747467041e-01
3.597966432571411133e-01
3.550227358937263489e-02
1.166523769497871399e-01
2.730049788951873779e-01
6.150242313742637634e-02
8.417832106351852417e-02
2.611879408359527588e-01
1.439719498157501221e-01
-7.913449406623840332e-02
-2.301427572965621948e-01
3.149233013391494751e-02
-8.547049947082996368e-03
-1.554891020059585571e-01
6.819866597652435303e-02
9.864177554845809937e-02
-1.978560537099838257e-02
-1.500068884342908859e-02
-2.156704664230346680e-02
-6.518224254250526428e-03
-1.243921741843223572e-01
-2.487416937947273254e-02
1.940341293811798096e-02
-2.150500565767288208e-01
-9.740374982357025146e-02
-8.052927255630493164e-02
-5.009452253580093384e-02
1.136820912361145020e-01
-1.310634315013885498e-01
-1.260736435651779175e-01
-1.125048398971557617e-01
-4.592452198266983032e-02
-1.273117810487747192e-01
3.144452720880508423e-02
6.252908706665039062e-02
6.725297123193740845e-02
-1.444800943136215210e-01
8.592829108238220215e-01
2.122627049684524536e-01
-1.107199769467115402e-02
7.788544055074453354e-03
1.002735868096351624e-01
2.500551007688045502e-02
1.707303524017333984e-01
2.595255710184574127e-02
1.063571795821189880e-01
6.307482253760099411e-03
2.954206764698028564e-01
4.974071308970451355e-02
-1.500579267740249634e-01
-7.285891473293304443e-02
-6.639658659696578979e-02
-1.031987965106964111e-01
-7.623714208602905273e-02
6.835686508566141129e-03
2.983794212341308594e-01
1.557033807039260864e-01
7.844861596822738647e-02
7.694644387811422348e-03
1.020234078168869019e-01
8.996713161468505859e-02
-4.063551127910614014e-02
1.366816461086273193e-01
-3.116211295127868652e-01
-4.359132796525955200e-02
1.099069416522979736e-01
-3.102194331586360931e-02
-3.717043623328208923e-02
-8.729705959558486938e-02
2.094485796988010406e-02
-1.096681132912635803e-01
-5.412132665514945984e-02
-9.335175901651382446e-02
5.221106112003326416e-03
-1.290155500173568726e-01
-7.521579507738351822e-03
-9.328284300863742828e-03
1.006652712821960449e+00
5.777553096413612366e-02
6.513233184814453125e-01
-6.622649729251861572e-02
-1.043143942952156067e-01
-1.896213889122009277e-01
2.220207452774047852e-01
-6.341052055358886719e-02
5.985234305262565613e-02
2.081192880868911743e-01
4.289334639906883240e-03
-1.496113836765289307e-01
7.980371266603469849e-02
9.842497110366821289e-02
3.323512524366378784e-02
6.208839640021324158e-02
-4.494628310203552246e-02
4.840109050273895264e-01
-8.872270584106445312e-02
1.888237148523330688e-01
1.595857143402099609e-01
-9.809929877519607544e-02
9.698461741209030151e-02
-2.536840438842773438e-01
4.319770038127899170e-01
-1.555845439434051514e-01
-4.062551259994506836e-02
-6.248054653406143188e-02
-3.014941466972231865e-03
-1.166548952460289001e-01
8.668227493762969971e-02
-6.577623635530471802e-02
2.243716642260551453e-02
6.058257073163986206e-02
7.055385410785675049e-02
8.733759820461273193e-02
1.166956499218940735e-01
-6.948629766702651978e-02
2.932381629943847656e-02
-6.637223064899444580e-03
-7.751295715570449829e-02
-2.935647033154964447e-02
3.780856356024742126e-02
1.402354706078767776e-02
-3.637249767780303955e-02
-1.618710719048976898e-02
-2.170674055814743042e-01
3.556863404810428619e-03
1.331396996974945068e-01
1.598544120788574219e-01
7.126738876104354858e-02
9.244236350059509277e-02
-6.602894514799118042e-02
-3.342615962028503418e-01
8.195171505212783813e-02
1.715170294046401978e-01
1.026721522212028503e-01
-6.681887060403823853e-02
-2.937144339084625244e-01
-4.863140359520912170e-02
-8.382055908441543579e-02
-8.829088881611824036e-03
1.391211524605751038e-02
