-5.034144878387451172e+00
-1.087528467178344727e+00
-2.950092315673828125e+00
-2.091895103454589844e+00
-8.189027905464172363e-01
-2.869319200515747070e+00
-6.861815452575683594e-01
-1.000890612602233887e+00
-3.268783092498779297e+00
-2.824274539947509766e+00
8.142464756965637207e-01
-3.229581594467163086e+00
-1.130448341369628906e+00
-5.099358558654785156e+00
-4.780139923095703125e+00
-2.889699220657348633e+00
-9.266983270645141602e-01
-1.796505093574523926e+00
-1.321623444557189941e+00
-7.308498620986938477e-01
-4.797072410583496094e+00
-3.185187578201293945e+00
-3.836935758590698242e-01
-6.106728076934814453e+00
-9.350852370262145996e-01
-9.567425251007080078e-01
-9.805521965026855469e-01
-4.166237354278564453e+00
-1.042085766792297363e+00
-2.432091474533081055e+00
-4.145609378814697266e+00
-4.339606285095214844e+00
-1.950903892517089844e+00
-3.154250383377075195e+00
-3.354703664779663086e+00
-2.297430038452148438e+00
-4.331924915313720703e+00
-6.923810839653015137e-01
-2.839944601058959961e+00
-5.080156803131103516e+00
-1.302949666976928711e+00
-3.414444684982299805e+00
-8.120956420898437500e-01
-2.705073118209838867e+00
-2.350036144256591797e+00
-1.578334689140319824e+00
-3.255966663360595703e+00
-7.988258600234985352e-01
-1.421615600585937500e+00
-2.855207443237304688e+00
-1.251654744148254395e+00
-9.018563032150268555e-01
-2.485197544097900391e+00
-2.641330957412719727e+00
-3.198354482650756836e+00
-5.406378746032714844e+00
-2.263526678085327148e+00
-8.410794138908386230e-01
-2.361632347106933594e+00
-2.915004253387451172e+00
-3.306185245513916016e+00
-3.390244722366333008e+00
-4.098818600177764893e-01
-2.825248718261718750e+00
-9.566769003868103027e-01
-1.514227509498596191e+00
-3.293089866638183594e+00
-7.420527935028076172e-01
-2.468724012374877930e+00
-2.769622564315795898e+00
-5.727928280830383301e-01
-4.634577274322509766e+00
-4.970299720764160156e+00
-1.543599605560302734e+00
-1.337866067886352539e+00
-2.365073919296264648e+00
-3.905843496322631836e+00
-2.430229425430297852e+00
-5.659779906272888184e-01
-1.049102425575256348e+00
-9.705249071121215820e-01
-1.262672901153564453e+00
-2.327835083007812500e+00
-1.141088485717773438e+00
-7.951384782791137695e-01
-1.518481850624084473e+00
-1.146123886108398438e+00
-3.420689582824707031e+00
-2.606396913528442383e+00
-1.640893220901489258e+00
-1.398994684219360352e+00
-2.521863222122192383e+00
-2.186666965484619141e+00
-4.570116996765136719e+00
-7.965778708457946777e-01
-5.117747783660888672e+00
3.661951422691345215e-02
-1.024267435073852539e+00
-1.357638835906982422e+00
-8.812889456748962402e-01
-3.311389207839965820e+00
-3.401456832885742188e+00
-3.817684650421142578e+00
-2.535360336303710938e+00
-3.463554382324218750e-01
-3.870270490646362305e+00
-2.895401954650878906e+00
7.637236714363098145e-01
-8.357391357421875000e-01
-2.596877098083496094e+00
-7.023490071296691895e-01
-3.199570655822753906e+00
-3.859841346740722656e+00
-7.870928645133972168e-01
-3.233286619186401367e+00
-2.755697488784790039e+00
-1.258353710174560547e+00
-2.221184968948364258e+00
-1.197236537933349609e+00
4.697332382202148438e+00
-1.242759346961975098e+00
-3.148214817047119141e+00
-1.594334483146667480e+00
-4.293077945709228516e+00
-3.452246665954589844e+00
-1.499786138534545898e+00
-8.388954401016235352e-01
-3.163802623748779297e-01
-2.834296941757202148e+00
-4.149057865142822266e+00
-1.038668870925903320e+00
-2.227907180786132812e+00
-4.858862876892089844e+00
-2.712562561035156250e+00
-2.612457036972045898e+00
-8.522509932518005371e-01
-1.250379204750061035e+00
-2.430110692977905273e+00
-1.652997136116027832e+00
-9.351008534431457520e-01
-1.237862110137939453e+00
-3.303173065185546875e+00
-3.219266176223754883e+00
-1.044921159744262695e+00
-9.202883839607238770e-01
-2.481554508209228516e+00
-2.459732294082641602e+00
-2.528913974761962891e+00
-1.854924917221069336e+00
-4.413092136383056641e-01
4.435634136199951172e+00
-3.550606250762939453e+00
-3.622190952301025391e+00
-1.958505272865295410e+00
-4.150089323520660400e-01
-3.538605928421020508e+00
-4.005244255065917969e+00
-3.543982505798339844e+00
-3.144219160079956055e+00
-3.664491415023803711e+00
-3.890708208084106445e+00
-1.030497312545776367e+00
-4.665892124176025391e+00
-2.771829366683959961e+00
-6.924999952316284180e-01
-6.094827651977539062e-01
-3.249586582183837891e+00
9.258988499641418457e-01
-4.382287502288818359e+00
-2.264578580856323242e+00
-2.826294183731079102e+00
-1.946797609329223633e+00
-3.732188940048217773e+00
-5.017129898071289062e+00
-4.061791896820068359e+00
-6.565856337547302246e-01
-2.882793188095092773e+00
-1.262144893407821655e-01
-2.357155084609985352e+00
-1.439092755317687988e+00
-1.603802561759948730e+00
-1.629356265068054199e+00
-3.017345666885375977e+00
-1.417758107185363770e+00
-2.115122318267822266e+00
-2.529083967208862305e+00
-5.531988143920898438e-01
-6.707033514976501465e-01
-2.343930721282958984e+00
-1.769276380538940430e+00
-8.036090731620788574e-01
-8.493791222572326660e-01
-3.836461544036865234e+00
-4.007324695587158203e+00
-2.090419769287109375e+00
-1.184630990028381348e+00
-1.016716241836547852e+00
-8.958866000175476074e-01
-3.252775430679321289e+00
-8.322154283523559570e-01
-2.641376495361328125e+00
-1.107046842575073242e+00
-6.038823127746582031e-01
-1.478206872940063477e+00
-9.103556275367736816e-01
-1.880815744400024414e+00
-1.680332303047180176e+00
-3.719463348388671875e+00
-2.306979179382324219e+00
-2.248209714889526367e+00
-4.154249668121337891e+00
-3.309626817703247070e+00
-3.511271715164184570e+00
-1.069990992546081543e+00
-2.572346687316894531e+00
-1.479960203170776367e+00
-1.751369118690490723e+00
-3.631407916545867920e-01
-1.665172934532165527e+00
-1.460215330123901367e+00
-4.111138343811035156e+00
-3.632835388183593750e+00
-5.564913153648376465e-01
-2.915579795837402344e+00
-1.884106397628784180e+00
-5.984250307083129883e-01
-3.034659862518310547e+00
-9.617755413055419922e-01
-1.140715241432189941e+00
-2.091459035873413086e+00
-9.108893871307373047e-01
-8.497458100318908691e-01
-2.873505353927612305e+00
-1.928606271743774414e+00
-2.956904411315917969e+00
-3.317743062973022461e+00
-3.297261238098144531e+00
-3.037044286727905273e+00
-6.369427442550659180e-01
-2.582074165344238281e+00
-1.007271766662597656e+00
-6.255797743797302246e-01
-1.803807735443115234e+00
-1.900273919105529785e+00
-3.764444828033447266e+00
-3.344433307647705078e+00
-4.116383075714111328e+00
-3.370167970657348633e+00
-2.897407770156860352e+00
-8.017391562461853027e-01
-3.798846721649169922e+00
-3.076712131500244141e+00
-2.360400676727294922e+00
-7.113866806030273438e-01
-3.572550535202026367e+00
-6.511536836624145508e-01
-1.315908193588256836e+00
-7.517645359039306641e+00
-3.005985736846923828e+00
-8.820240497589111328e-01
-3.393101215362548828e+00
-7.855808734893798828e-01
-2.819113969802856445e+00
-4.537377834320068359e+00
-2.340758085250854492e+00
-8.830142617225646973e-01
-1.544510006904602051e+00
-4.218061447143554688e+00
-2.823587417602539062e+00
-4.361472606658935547e+00
-4.617382049560546875e+00
-3.709543466567993164e+00
-6.636522412300109863e-01
-2.615722656250000000e+00
4.244472026824951172e+00
-6.723616719245910645e-01
-2.171859502792358398e+00
-1.638038277626037598e+00
9.200541377067565918e-01
-2.160055637359619141e+00
-3.147786617279052734e+00
-1.576566338539123535e+00
-6.338522434234619141e+00
-8.064782023429870605e-01
-3.775864362716674805e+00
-7.279847860336303711e-01
-3.926130771636962891e+00
-3.549682140350341797e+00
-1.335013747215270996e+00
-5.964955091476440430e-01
-1.694645762443542480e+00
-3.994755983352661133e+00
-1.209133982658386230e+00
-1.013625025749206543e+00
-5.147318363189697266e+00
-1.444354176521301270e+00
-1.020245790481567383e+00
-9.261102080345153809e-01
-2.724764347076416016e+00
-8.453975915908813477e-01
-2.208032369613647461e+00
-1.012718081474304199e+00
-2.474872112274169922e+00
-3.795991420745849609e+00
-7.893258333206176758e-01
-2.441206455230712891e+00
-3.328989744186401367e+00
-4.200504779815673828e+00
-1.939179420471191406e+00
-2.162822246551513672e+00
-1.271890163421630859e+00
-3.181734323501586914e+00
-2.520628452301025391e+00
-3.568805217742919922e+00
-4.569443225860595703e+00
-1.730586171150207520e+00
-1.344121217727661133e+00
-8.913559913635253906e-01
-1.510788083076477051e+00
-3.085776329040527344e+00
